2018-11-27 21:20:36,537 START: 30 fps
2018-11-27 21:20:36,537 hmd_1 1.0000 0.0000 0.0000 0.0000 0.0000 1.0000 0.0000 0.0000 0.0000 0.0000 1.0000 0.0000
2018-11-27 21:20:36,537 tracking_reference_1 -0.9934 -0.0375 0.1085 0.1519 0.0187 0.8796 0.4754 -0.0472 -0.1132 0.4743 -0.8730 -4.7742
2018-11-27 21:20:36,537 tracking_reference_2 1.0000 0.0050 -0.0000 0.0000 -0.0041 0.8245 0.5659 0.0000 0.0028 -0.5659 0.8245 0.0000
2018-11-27 21:20:36,538 tracker_1 0.8449 0.5336 -0.0389 0.5706 -0.0532 0.0113 -0.9985 -1.0575 -0.5323 0.8457 0.0380 -1.7494
2018-11-27 21:20:36,538 tracker_1 0.8449 0.5336 -0.0389 0.5706 -0.0532 0.0113 -0.9985 -1.0575 -0.5323 0.8457 0.0380 -1.7494
2018-11-27 21:20:36,573 tracker_1 0.8450 0.5333 -0.0387 0.5709 -0.0525 0.0107 -0.9986 -1.0576 -0.5322 0.8458 0.0370 -1.7493
2018-11-27 21:20:36,608 tracker_1 0.8451 0.5333 -0.0381 0.5708 -0.0520 0.0112 -0.9986 -1.0575 -0.5321 0.8459 0.0372 -1.7494
2018-11-27 21:20:36,645 tracker_1 0.8453 0.5331 -0.0370 0.5705 -0.0512 0.0119 -0.9986 -1.0575 -0.5319 0.8460 0.0374 -1.7494
2018-11-27 21:20:36,680 tracker_1 0.8453 0.5330 -0.0365 0.5704 -0.0504 0.0114 -0.9987 -1.0573 -0.5319 0.8460 0.0365 -1.7490
2018-11-27 21:20:36,715 tracker_1 0.8454 0.5329 -0.0369 0.5707 -0.0508 0.0114 -0.9986 -1.0573 -0.5318 0.8461 0.0367 -1.7491
2018-11-27 21:20:36,749 tracker_1 0.8455 0.5328 -0.0365 0.5705 -0.0505 0.0117 -0.9987 -1.0574 -0.5316 0.8462 0.0368 -1.7491
2018-11-27 21:20:36,784 tracker_1 0.8456 0.5326 -0.0356 0.5705 -0.0493 0.0116 -0.9987 -1.0572 -0.5315 0.8463 0.0361 -1.7487
2018-11-27 21:20:36,819 tracker_1 0.8457 0.5325 -0.0352 0.5703 -0.0491 0.0120 -0.9987 -1.0571 -0.5314 0.8464 0.0363 -1.7487
2018-11-27 21:20:36,855 tracker_1 0.8457 0.5324 -0.0355 0.5705 -0.0495 0.0120 -0.9987 -1.0572 -0.5313 0.8464 0.0365 -1.7487
2018-11-27 21:20:36,891 tracker_1 0.8462 0.5318 -0.0345 0.5706 -0.0486 0.0125 -0.9987 -1.0574 -0.5307 0.8468 0.0364 -1.7484
2018-11-27 21:20:36,924 tracker_1 0.8461 0.5318 -0.0355 0.5713 -0.0497 0.0123 -0.9987 -1.0571 -0.5307 0.8468 0.0368 -1.7481
2018-11-27 21:20:36,959 tracker_1 0.8463 0.5315 -0.0366 0.5720 -0.0494 0.0098 -0.9987 -1.0570 -0.5305 0.8470 0.0346 -1.7472
2018-11-27 21:20:36,995 tracker_1 0.8465 0.5312 -0.0360 0.5720 -0.0493 0.0109 -0.9987 -1.0568 -0.5301 0.8472 0.0355 -1.7477
2018-11-27 21:20:37,028 tracker_1 0.8465 0.5312 -0.0348 0.5716 -0.0489 0.0126 -0.9987 -1.0569 -0.5301 0.8471 0.0366 -1.7481
2018-11-27 21:20:37,065 tracker_1 0.8466 0.5310 -0.0346 0.5714 -0.0484 0.0120 -0.9988 -1.0572 -0.5299 0.8473 0.0358 -1.7480
2018-11-27 21:20:37,099 tracker_1 0.8465 0.5312 -0.0363 0.5716 -0.0501 0.0115 -0.9987 -1.0569 -0.5301 0.8472 0.0363 -1.7481
2018-11-27 21:20:37,134 tracker_1 0.8466 0.5310 -0.0359 0.5715 -0.0502 0.0124 -0.9987 -1.0569 -0.5299 0.8473 0.0372 -1.7484
2018-11-27 21:20:37,169 tracker_1 0.8467 0.5310 -0.0350 0.5710 -0.0492 0.0125 -0.9987 -1.0568 -0.5299 0.8473 0.0367 -1.7480
2018-11-27 21:20:37,204 tracker_1 0.8465 0.5312 -0.0361 0.5711 -0.0499 0.0116 -0.9987 -1.0563 -0.5301 0.8471 0.0363 -1.7472
2018-11-27 21:20:37,239 tracker_1 0.8465 0.5311 -0.0370 0.5714 -0.0508 0.0113 -0.9986 -1.0561 -0.5300 0.8472 0.0365 -1.7470
2018-11-27 21:20:37,276 tracker_1 0.8465 0.5311 -0.0369 0.5716 -0.0507 0.0114 -0.9986 -1.0571 -0.5300 0.8472 0.0366 -1.7482
2018-11-27 21:20:37,310 tracker_1 0.8466 0.5311 -0.0361 0.5713 -0.0502 0.0120 -0.9987 -1.0572 -0.5299 0.8472 0.0368 -1.7488
2018-11-27 21:20:37,345 tracker_1 0.8466 0.5310 -0.0359 0.5710 -0.0503 0.0127 -0.9987 -1.0572 -0.5299 0.8473 0.0375 -1.7491
2018-11-27 21:20:37,379 tracker_1 0.8470 0.5304 -0.0359 0.5711 -0.0502 0.0125 -0.9987 -1.0576 -0.5292 0.8477 0.0372 -1.7495
2018-11-27 21:20:37,414 tracker_1 0.8472 0.5302 -0.0351 0.5708 -0.0493 0.0127 -0.9987 -1.0574 -0.5290 0.8478 0.0369 -1.7497
2018-11-27 21:20:37,449 tracker_1 0.8468 0.5306 -0.0360 0.5707 -0.0501 0.0123 -0.9987 -1.0559 -0.5295 0.8475 0.0370 -1.7489
2018-11-27 21:20:37,485 tracker_1 0.8479 0.5290 -0.0351 0.5720 -0.0484 0.0113 -0.9988 -1.0556 -0.5280 0.8485 0.0352 -1.7490
2018-11-27 21:20:37,519 tracker_1 0.8491 0.5269 -0.0368 0.5750 -0.0486 0.0086 -0.9988 -1.0545 -0.5260 0.8499 0.0329 -1.7488
2018-11-27 21:20:37,554 tracker_1 0.8498 0.5254 -0.0427 0.5802 -0.0520 0.0029 -0.9986 -1.0520 -0.5246 0.8508 0.0298 -1.7472
2018-11-27 21:20:37,589 tracker_1 0.8505 0.5236 -0.0504 0.5873 -0.0545 -0.0076 -0.9985 -1.0487 -0.5232 0.8519 0.0220 -1.7427
2018-11-27 21:20:37,624 tracker_1 0.8511 0.5213 -0.0624 0.5963 -0.0588 -0.0234 -0.9980 -1.0429 -0.5217 0.8531 0.0108 -1.7369
2018-11-27 21:20:37,659 tracker_1 0.8512 0.5186 -0.0805 0.6083 -0.0669 -0.0449 -0.9968 -1.0361 -0.5205 0.8538 -0.0035 -1.7296
2018-11-27 21:20:37,694 tracker_1 0.8517 0.5140 -0.1025 0.6198 -0.0753 -0.0736 -0.9944 -1.0284 -0.5187 0.8546 -0.0240 -1.7213
2018-11-27 21:20:37,729 tracker_1 0.8516 0.5102 -0.1207 0.6309 -0.0848 -0.0932 -0.9920 -1.0210 -0.5174 0.8550 -0.0361 -1.7159
2018-11-27 21:20:37,763 tracker_1 0.8507 0.5082 -0.1343 0.6424 -0.0917 -0.1081 -0.9899 -1.0141 -0.5176 0.8544 -0.0454 -1.7103
2018-11-27 21:20:37,798 tracker_1 0.8493 0.5052 -0.1534 0.6541 -0.1002 -0.1311 -0.9863 -1.0124 -0.5183 0.8530 -0.0607 -1.7031
2018-11-27 21:20:37,834 tracker_1 0.8480 0.5021 -0.1697 0.6613 -0.1106 -0.1455 -0.9832 -1.0117 -0.5184 0.8525 -0.0679 -1.7029
2018-11-27 21:20:37,868 tracker_1 0.8491 0.5021 -0.1639 0.6573 -0.1128 -0.1306 -0.9850 -1.0112 -0.5160 0.8549 -0.0543 -1.7112
2018-11-27 21:20:37,904 tracker_1 0.8528 0.5004 -0.1491 0.6505 -0.1040 -0.1171 -0.9877 -1.0086 -0.5117 0.8578 -0.0478 -1.7164
2018-11-27 21:20:37,938 tracker_1 0.8554 0.4938 -0.1561 0.6520 -0.1023 -0.1343 -0.9856 -1.0060 -0.5077 0.8591 -0.0644 -1.7132
2018-11-27 21:20:37,973 tracker_1 0.8551 0.4865 -0.1794 0.6600 -0.1155 -0.1585 -0.9806 -1.0024 -0.5055 0.8592 -0.0793 -1.7101
2018-11-27 21:20:38,008 tracker_1 0.8531 0.4826 -0.1984 0.6655 -0.1309 -0.1702 -0.9767 -1.0003 -0.5051 0.8592 -0.0820 -1.7120
2018-11-27 21:20:38,044 tracker_1 0.8536 0.4813 -0.1992 0.6641 -0.1284 -0.1762 -0.9760 -0.9974 -0.5048 0.8587 -0.0886 -1.7151
2018-11-27 21:20:38,078 tracker_1 0.8545 0.4796 -0.1993 0.6598 -0.1265 -0.1801 -0.9755 -0.9975 -0.5038 0.8588 -0.0932 -1.7203
2018-11-27 21:20:38,114 tracker_1 0.8539 0.4782 -0.2054 0.6575 -0.1351 -0.1775 -0.9748 -0.9966 -0.5026 0.8601 -0.0870 -1.7301
2018-11-27 21:20:38,147 tracker_1 0.8538 0.4742 -0.2148 0.6557 -0.1455 -0.1788 -0.9731 -0.9966 -0.4998 0.8621 -0.0837 -1.7391
2018-11-27 21:20:38,182 tracker_1 0.8566 0.4687 -0.2157 0.6492 -0.1444 -0.1835 -0.9723 -0.9958 -0.4953 0.8641 -0.0895 -1.7447
2018-11-27 21:20:38,217 tracker_1 0.8603 0.4628 -0.2138 0.6411 -0.1424 -0.1845 -0.9725 -0.9958 -0.4895 0.8670 -0.0928 -1.7514
2018-11-27 21:20:38,252 tracker_1 0.8633 0.4582 -0.2119 0.6324 -0.1425 -0.1815 -0.9730 -0.9956 -0.4843 0.8701 -0.0914 -1.7607
2018-11-27 21:20:38,287 tracker_1 0.8654 0.4554 -0.2090 0.6228 -0.1430 -0.1753 -0.9741 -0.9938 -0.4803 0.8728 -0.0866 -1.7708
2018-11-27 21:20:38,322 tracker_1 0.8686 0.4521 -0.2028 0.6097 -0.1386 -0.1713 -0.9754 -0.9954 -0.4757 0.8754 -0.0861 -1.7814
2018-11-27 21:20:38,357 tracker_1 0.8719 0.4490 -0.1955 0.5950 -0.1344 -0.1645 -0.9772 -0.9983 -0.4709 0.8782 -0.0831 -1.7932
2018-11-27 21:20:38,392 tracker_1 0.8753 0.4461 -0.1865 0.5793 -0.1291 -0.1561 -0.9793 -1.0023 -0.4660 0.8812 -0.0791 -1.8066
2018-11-27 21:20:38,428 tracker_1 0.8794 0.4436 -0.1727 0.5576 -0.1215 -0.1417 -0.9824 -1.0074 -0.4603 0.8849 -0.0707 -1.8233
2018-11-27 21:20:38,461 tracker_1 0.8846 0.4434 -0.1445 0.5285 -0.1041 -0.1142 -0.9880 -1.0140 -0.4546 0.8890 -0.0548 -1.8443
2018-11-27 21:20:38,497 tracker_1 0.8880 0.4456 -0.1137 0.4961 -0.0864 -0.0813 -0.9929 -1.0225 -0.4517 0.8915 -0.0337 -1.8694
2018-11-27 21:20:38,531 tracker_1 0.8903 0.4478 -0.0826 0.4708 -0.0616 -0.0613 -0.9962 -1.0230 -0.4512 0.8920 -0.0270 -1.8852
2018-11-27 21:20:38,566 tracker_1 0.8889 0.4491 -0.0906 0.4669 -0.0613 -0.0794 -0.9950 -1.0236 -0.4540 0.8900 -0.0431 -1.8866
2018-11-27 21:20:38,602 tracker_1 0.8869 0.4507 -0.1012 0.4672 -0.0765 -0.0729 -0.9944 -1.0255 -0.4555 0.8897 -0.0302 -1.8919
2018-11-27 21:20:38,636 tracker_1 0.8859 0.4519 -0.1045 0.4657 -0.0782 -0.0764 -0.9940 -1.0322 -0.4572 0.8888 -0.0323 -1.8916
2018-11-27 21:20:38,670 tracker_1 0.8849 0.4519 -0.1127 0.4627 -0.0788 -0.0932 -0.9925 -1.0319 -0.4590 0.8872 -0.0469 -1.8895
2018-11-27 21:20:38,705 tracker_1 0.8852 0.4548 -0.0975 0.4530 -0.0716 -0.0738 -0.9947 -1.0321 -0.4596 0.8875 -0.0328 -1.8980
2018-11-27 21:20:38,740 tracker_1 0.8850 0.4586 -0.0797 0.4441 -0.0655 -0.0470 -0.9967 -1.0314 -0.4609 0.8874 -0.0116 -1.9070
2018-11-27 21:20:38,775 tracker_1 0.8854 0.4585 -0.0770 0.4418 -0.0616 -0.0485 -0.9969 -1.0354 -0.4608 0.8874 -0.0147 -1.9078
2018-11-27 21:20:38,811 tracker_1 0.8860 0.4560 -0.0844 0.4441 -0.0625 -0.0630 -0.9961 -1.0385 -0.4595 0.8877 -0.0274 -1.9057
2018-11-27 21:20:38,845 tracker_1 0.8858 0.4550 -0.0915 0.4446 -0.0726 -0.0587 -0.9956 -1.0408 -0.4583 0.8886 -0.0190 -1.9121
2018-11-27 21:20:38,880 tracker_1 0.8866 0.4551 -0.0831 0.4359 -0.0723 -0.0410 -0.9965 -1.0438 -0.4569 0.8895 -0.0035 -1.9235
2018-11-27 21:20:38,915 tracker_1 0.8882 0.4553 -0.0614 0.4236 -0.0577 -0.0220 -0.9981 -1.0477 -0.4557 0.8901 0.0067 -1.9326
2018-11-27 21:20:38,950 tracker_1 0.8891 0.4551 -0.0481 0.4170 -0.0481 -0.0116 -0.9988 -1.0490 -0.4551 0.8903 0.0115 -1.9381
2018-11-27 21:20:38,986 tracker_1 0.8891 0.4537 -0.0605 0.4202 -0.0586 -0.0182 -0.9981 -1.0502 -0.4539 0.8910 0.0104 -1.9405
2018-11-27 21:20:39,021 tracker_1 0.8888 0.4524 -0.0725 0.4227 -0.0697 -0.0227 -0.9973 -1.0506 -0.4529 0.8915 0.0113 -1.9430
2018-11-27 21:20:39,056 tracker_1 0.8903 0.4512 -0.0621 0.4174 -0.0625 -0.0141 -0.9979 -1.0505 -0.4511 0.8923 0.0157 -1.9452
2018-11-27 21:20:39,091 tracker_1 0.8915 0.4503 -0.0489 0.4122 -0.0512 -0.0071 -0.9987 -1.0505 -0.4500 0.8929 0.0168 -1.9458
2018-11-27 21:20:39,125 tracker_1 0.8921 0.4491 -0.0502 0.4132 -0.0496 -0.0132 -0.9987 -1.0518 -0.4492 0.8934 0.0104 -1.9442
2018-11-27 21:20:39,160 tracker_1 0.8918 0.4479 -0.0644 0.4180 -0.0640 -0.0160 -0.9978 -1.0532 -0.4480 0.8939 0.0144 -1.9474
2018-11-27 21:20:39,195 tracker_1 0.8915 0.4483 -0.0650 0.4165 -0.0695 -0.0064 -0.9976 -1.0537 -0.4476 0.8939 0.0254 -1.9515
2018-11-27 21:20:39,230 tracker_1 0.8925 0.4485 -0.0491 0.4100 -0.0539 -0.0022 -0.9985 -1.0547 -0.4479 0.8938 0.0222 -1.9509
2018-11-27 21:20:39,264 tracker_1 0.8928 0.4485 -0.0425 0.4073 -0.0456 -0.0040 -0.9990 -1.0546 -0.4482 0.8938 0.0169 -1.9502
2018-11-27 21:20:39,299 tracker_1 0.8926 0.4481 -0.0501 0.4100 -0.0552 -0.0017 -0.9985 -1.0551 -0.4475 0.8940 0.0232 -1.9535
2018-11-27 21:20:39,335 tracker_1 0.8921 0.4480 -0.0588 0.4125 -0.0645 -0.0026 -0.9979 -1.0554 -0.4472 0.8940 0.0266 -1.9558
2018-11-27 21:20:39,369 tracker_1 0.8924 0.4479 -0.0555 0.4103 -0.0612 -0.0018 -0.9981 -1.0559 -0.4472 0.8941 0.0258 -1.9554
2018-11-27 21:20:39,404 tracker_1 0.8928 0.4479 -0.0471 0.4068 -0.0525 -0.0005 -0.9986 -1.0554 -0.4473 0.8941 0.0231 -1.9541
2018-11-27 21:20:39,439 tracker_1 0.8927 0.4483 -0.0454 0.4059 -0.0498 -0.0020 -0.9988 -1.0561 -0.4478 0.8939 0.0205 -1.9532
2018-11-27 21:20:39,473 tracker_1 0.8927 0.4480 -0.0481 0.4062 -0.0544 0.0011 -0.9985 -1.0566 -0.4473 0.8940 0.0253 -1.9559
2018-11-27 21:20:39,509 tracker_1 0.8927 0.4478 -0.0504 0.4064 -0.0580 0.0034 -0.9983 -1.0571 -0.4469 0.8941 0.0290 -1.9577
2018-11-27 21:20:39,543 tracker_1 0.8925 0.4480 -0.0522 0.4070 -0.0586 0.0006 -0.9983 -1.0568 -0.4472 0.8940 0.0268 -1.9566
2018-11-27 21:20:39,578 tracker_1 0.8930 0.4472 -0.0502 0.4058 -0.0555 -0.0014 -0.9985 -1.0567 -0.4466 0.8944 0.0236 -1.9551
2018-11-27 21:20:39,613 tracker_1 0.8932 0.4470 -0.0491 0.4052 -0.0549 -0.0000 -0.9985 -1.0568 -0.4464 0.8945 0.0245 -1.9559
2018-11-27 21:20:39,648 tracker_1 0.8930 0.4473 -0.0486 0.4047 -0.0559 0.0033 -0.9984 -1.0565 -0.4465 0.8944 0.0280 -1.9566
2018-11-27 21:20:39,684 tracker_1 0.8928 0.4477 -0.0493 0.4052 -0.0554 0.0006 -0.9985 -1.0565 -0.4470 0.8942 0.0254 -1.9549
2018-11-27 21:20:39,719 tracker_1 0.8924 0.4482 -0.0519 0.4064 -0.0567 -0.0028 -0.9984 -1.0557 -0.4477 0.8939 0.0229 -1.9529
2018-11-27 21:20:39,753 tracker_1 0.8920 0.4488 -0.0535 0.4065 -0.0577 -0.0044 -0.9983 -1.0564 -0.4483 0.8936 0.0220 -1.9523
2018-11-27 21:20:39,788 tracker_1 0.8921 0.4491 -0.0505 0.4052 -0.0562 -0.0008 -0.9984 -1.0568 -0.4484 0.8935 0.0245 -1.9534
2018-11-27 21:20:39,824 tracker_1 0.8924 0.4488 -0.0476 0.4041 -0.0548 0.0029 -0.9985 -1.0571 -0.4480 0.8936 0.0272 -1.9545
2018-11-27 21:20:39,858 tracker_1 0.8923 0.4488 -0.0483 0.4044 -0.0545 0.0010 -0.9985 -1.0569 -0.4481 0.8936 0.0253 -1.9541
2018-11-27 21:20:39,894 tracker_1 0.8922 0.4489 -0.0501 0.4050 -0.0556 -0.0009 -0.9985 -1.0568 -0.4483 0.8936 0.0242 -1.9539
2018-11-27 21:20:39,928 tracker_1 0.8921 0.4490 -0.0500 0.4047 -0.0563 0.0007 -0.9984 -1.0565 -0.4483 0.8935 0.0259 -1.9545
2018-11-27 21:20:39,964 tracker_1 0.8922 0.4491 -0.0487 0.4041 -0.0552 0.0014 -0.9985 -1.0565 -0.4483 0.8935 0.0261 -1.9546
2018-11-27 21:20:39,998 tracker_1 0.8922 0.4491 -0.0485 0.4041 -0.0548 0.0010 -0.9985 -1.0566 -0.4484 0.8935 0.0255 -1.9542
2018-11-27 21:20:40,033 tracker_1 0.8917 0.4500 -0.0487 0.4046 -0.0559 0.0028 -0.9984 -1.0559 -0.4491 0.8930 0.0276 -1.9537
2018-11-27 21:20:40,067 tracker_1 0.8912 0.4507 -0.0515 0.4056 -0.0560 -0.0034 -0.9984 -1.0555 -0.4501 0.8927 0.0222 -1.9506
2018-11-27 21:20:40,102 tracker_1 0.8910 0.4508 -0.0536 0.4061 -0.0560 -0.0081 -0.9984 -1.0556 -0.4505 0.8926 0.0181 -1.9493
2018-11-27 21:20:40,138 tracker_1 0.8912 0.4508 -0.0514 0.4052 -0.0577 0.0002 -0.9983 -1.0555 -0.4500 0.8926 0.0261 -1.9527
2018-11-27 21:20:40,171 tracker_1 0.8914 0.4506 -0.0488 0.4043 -0.0568 0.0043 -0.9984 -1.0558 -0.4497 0.8927 0.0294 -1.9539
2018-11-27 21:20:40,206 tracker_1 0.8915 0.4503 -0.0499 0.4048 -0.0555 -0.0008 -0.9985 -1.0560 -0.4497 0.8929 0.0243 -1.9519
2018-11-27 21:20:40,241 tracker_1 0.8915 0.4500 -0.0524 0.4057 -0.0560 -0.0052 -0.9984 -1.0556 -0.4496 0.8930 0.0206 -1.9504
2018-11-27 21:20:40,276 tracker_1 0.8918 0.4495 -0.0525 0.4058 -0.0572 -0.0032 -0.9984 -1.0555 -0.4489 0.8933 0.0229 -1.9515
2018-11-27 21:20:40,312 tracker_1 0.8920 0.4494 -0.0498 0.4045 -0.0560 0.0007 -0.9984 -1.0556 -0.4486 0.8933 0.0258 -1.9524
2018-11-27 21:20:40,346 tracker_1 0.8921 0.4492 -0.0487 0.4041 -0.0538 -0.0014 -0.9986 -1.0555 -0.4486 0.8934 0.0229 -1.9514
2018-11-27 21:20:40,380 tracker_1 0.8921 0.4491 -0.0500 0.4045 -0.0542 -0.0034 -0.9985 -1.0553 -0.4486 0.8935 0.0214 -1.9510
2018-11-27 21:20:40,415 tracker_1 0.8921 0.4491 -0.0506 0.4043 -0.0559 -0.0015 -0.9984 -1.0550 -0.4485 0.8935 0.0238 -1.9521
2018-11-27 21:20:40,450 tracker_1 0.8919 0.4496 -0.0493 0.4037 -0.0547 -0.0010 -0.9985 -1.0553 -0.4489 0.8933 0.0237 -1.9525
2018-11-27 21:20:40,486 tracker_1 0.8916 0.4502 -0.0488 0.4030 -0.0535 -0.0023 -0.9986 -1.0553 -0.4497 0.8929 0.0221 -1.9530
2018-11-27 21:20:40,520 tracker_1 0.8911 0.4511 -0.0498 0.4025 -0.0552 -0.0012 -0.9985 -1.0555 -0.4505 0.8925 0.0238 -1.9547
2018-11-27 21:20:40,555 tracker_1 0.8908 0.4518 -0.0486 0.4012 -0.0546 0.0002 -0.9985 -1.0554 -0.4511 0.8921 0.0248 -1.9559
2018-11-27 21:20:40,590 tracker_1 0.8908 0.4519 -0.0471 0.3997 -0.0529 0.0003 -0.9986 -1.0557 -0.4513 0.8921 0.0242 -1.9569
2018-11-27 21:20:40,629 tracker_1 0.8907 0.4521 -0.0480 0.3992 -0.0543 0.0010 -0.9985 -1.0554 -0.4514 0.8920 0.0255 -1.9587
2018-11-27 21:20:40,660 tracker_1 0.8907 0.4521 -0.0480 0.3986 -0.0547 0.0018 -0.9985 -1.0554 -0.4514 0.8919 0.0263 -1.9598
2018-11-27 21:20:40,696 tracker_1 0.8906 0.4525 -0.0467 0.3975 -0.0536 0.0023 -0.9986 -1.0555 -0.4517 0.8918 0.0263 -1.9606
2018-11-27 21:20:40,731 tracker_1 0.8905 0.4526 -0.0463 0.3968 -0.0536 0.0033 -0.9986 -1.0554 -0.4518 0.8917 0.0272 -1.9618
2018-11-27 21:20:40,764 tracker_1 0.8902 0.4531 -0.0473 0.3972 -0.0548 0.0034 -0.9985 -1.0552 -0.4523 0.8914 0.0279 -1.9627
2018-11-27 21:20:40,799 tracker_1 0.8903 0.4530 -0.0459 0.3957 -0.0537 0.0042 -0.9985 -1.0549 -0.4522 0.8915 0.0281 -1.9634
2018-11-27 21:20:40,834 tracker_1 0.8904 0.4530 -0.0449 0.3949 -0.0531 0.0053 -0.9986 -1.0549 -0.4521 0.8915 0.0287 -1.9645
2018-11-27 21:20:40,870 tracker_1 0.8907 0.4524 -0.0443 0.3938 -0.0530 0.0066 -0.9986 -1.0552 -0.4514 0.8918 0.0298 -1.9662
2018-11-27 21:20:40,904 tracker_1 0.8910 0.4518 -0.0442 0.3931 -0.0530 0.0067 -0.9986 -1.0557 -0.4509 0.8921 0.0300 -1.9677
2018-11-27 21:20:40,939 tracker_1 0.8911 0.4516 -0.0448 0.3925 -0.0537 0.0069 -0.9985 -1.0560 -0.4507 0.8922 0.0304 -1.9694
2018-11-27 21:20:40,973 tracker_1 0.8911 0.4518 -0.0431 0.3911 -0.0532 0.0096 -0.9985 -1.0564 -0.4507 0.8921 0.0325 -1.9715
2018-11-27 21:20:41,009 tracker_1 0.8908 0.4526 -0.0414 0.3896 -0.0522 0.0114 -0.9986 -1.0565 -0.4514 0.8917 0.0337 -1.9725
2018-11-27 21:20:41,045 tracker_1 0.8905 0.4531 -0.0420 0.3892 -0.0514 0.0085 -0.9986 -1.0569 -0.4521 0.8914 0.0309 -1.9717
2018-11-27 21:20:41,079 tracker_1 0.8900 0.4538 -0.0444 0.3896 -0.0527 0.0056 -0.9986 -1.0569 -0.4529 0.8911 0.0289 -1.9713
2018-11-27 21:20:41,114 tracker_1 0.8897 0.4544 -0.0453 0.3896 -0.0538 0.0058 -0.9985 -1.0573 -0.4534 0.8908 0.0296 -1.9716
2018-11-27 21:20:41,149 tracker_1 0.8897 0.4544 -0.0440 0.3890 -0.0525 0.0063 -0.9986 -1.0577 -0.4534 0.8908 0.0295 -1.9720
2018-11-27 21:20:41,184 tracker_1 0.8899 0.4541 -0.0431 0.3889 -0.0513 0.0056 -0.9987 -1.0575 -0.4533 0.8909 0.0283 -1.9718
2018-11-27 21:20:41,219 tracker_1 0.8899 0.4540 -0.0442 0.3892 -0.0524 0.0055 -0.9986 -1.0576 -0.4531 0.8910 0.0287 -1.9720
2018-11-27 21:20:41,254 tracker_1 0.8900 0.4538 -0.0443 0.3892 -0.0524 0.0052 -0.9986 -1.0575 -0.4529 0.8911 0.0284 -1.9720
2018-11-27 21:20:41,289 tracker_1 0.8901 0.4537 -0.0437 0.3888 -0.0518 0.0055 -0.9986 -1.0575 -0.4528 0.8911 0.0284 -1.9721
2018-11-27 21:20:41,325 tracker_1 0.8901 0.4536 -0.0442 0.3891 -0.0526 0.0058 -0.9986 -1.0577 -0.4527 0.8912 0.0290 -1.9725
2018-11-27 21:20:41,359 tracker_1 0.8901 0.4536 -0.0448 0.3891 -0.0531 0.0055 -0.9986 -1.0577 -0.4527 0.8912 0.0290 -1.9727
2018-11-27 21:20:41,395 tracker_1 0.8901 0.4536 -0.0446 0.3889 -0.0525 0.0047 -0.9986 -1.0576 -0.4527 0.8912 0.0280 -1.9724
2018-11-27 21:20:41,429 tracker_1 0.8900 0.4538 -0.0445 0.3888 -0.0526 0.0052 -0.9986 -1.0577 -0.4530 0.8911 0.0285 -1.9727
2018-11-27 21:20:41,464 tracker_1 0.8899 0.4540 -0.0440 0.3883 -0.0523 0.0058 -0.9986 -1.0576 -0.4531 0.8910 0.0289 -1.9728
2018-11-27 21:20:41,499 tracker_1 0.8900 0.4538 -0.0442 0.3883 -0.0521 0.0049 -0.9986 -1.0576 -0.4530 0.8911 0.0280 -1.9728
2018-11-27 21:20:41,534 tracker_1 0.8902 0.4535 -0.0441 0.3882 -0.0519 0.0047 -0.9986 -1.0576 -0.4527 0.8912 0.0277 -1.9732
2018-11-27 21:20:41,568 tracker_1 0.8905 0.4530 -0.0437 0.3878 -0.0518 0.0055 -0.9986 -1.0575 -0.4521 0.8915 0.0283 -1.9740
2018-11-27 21:20:41,604 tracker_1 0.8909 0.4522 -0.0438 0.3880 -0.0520 0.0056 -0.9986 -1.0574 -0.4513 0.8919 0.0285 -1.9748
2018-11-27 21:20:41,638 tracker_1 0.8912 0.4514 -0.0448 0.3885 -0.0524 0.0043 -0.9986 -1.0574 -0.4506 0.8923 0.0274 -1.9747
2018-11-27 21:20:41,672 tracker_1 0.8912 0.4513 -0.0452 0.3883 -0.0527 0.0042 -0.9986 -1.0573 -0.4504 0.8924 0.0275 -1.9747
2018-11-27 21:20:41,708 tracker_1 0.8911 0.4517 -0.0435 0.3874 -0.0517 0.0059 -0.9986 -1.0575 -0.4508 0.8922 0.0286 -1.9749
2018-11-27 21:20:41,742 tracker_1 0.8910 0.4520 -0.0428 0.3870 -0.0510 0.0060 -0.9987 -1.0576 -0.4512 0.8920 0.0284 -1.9749
2018-11-27 21:20:41,779 tracker_1 0.8908 0.4522 -0.0443 0.3875 -0.0518 0.0043 -0.9986 -1.0577 -0.4514 0.8919 0.0272 -1.9745
2018-11-27 21:20:41,813 tracker_1 0.8907 0.4522 -0.0453 0.3880 -0.0530 0.0043 -0.9986 -1.0577 -0.4514 0.8919 0.0278 -1.9747
2018-11-27 21:20:41,847 tracker_1 0.8909 0.4520 -0.0441 0.3877 -0.0521 0.0053 -0.9986 -1.0577 -0.4512 0.8920 0.0282 -1.9748
2018-11-27 21:20:41,883 tracker_1 0.8910 0.4519 -0.0434 0.3874 -0.0513 0.0054 -0.9987 -1.0577 -0.4510 0.8921 0.0280 -1.9748
2018-11-27 21:20:41,917 tracker_1 0.8910 0.4519 -0.0442 0.3877 -0.0520 0.0048 -0.9986 -1.0576 -0.4511 0.8920 0.0278 -1.9745
2018-11-27 21:20:41,953 tracker_1 0.8911 0.4517 -0.0448 0.3880 -0.0527 0.0050 -0.9986 -1.0573 -0.4508 0.8922 0.0282 -1.9745
2018-11-27 21:20:41,988 tracker_1 0.8914 0.4511 -0.0439 0.3881 -0.0514 0.0045 -0.9987 -1.0572 -0.4503 0.8924 0.0272 -1.9736
2018-11-27 21:20:42,022 tracker_1 0.8921 0.4498 -0.0436 0.3891 -0.0506 0.0036 -0.9987 -1.0566 -0.4491 0.8931 0.0260 -1.9722
2018-11-27 21:20:42,057 tracker_1 0.8924 0.4488 -0.0476 0.3932 -0.0529 -0.0008 -0.9986 -1.0556 -0.4482 0.8936 0.0230 -1.9698
2018-11-27 21:20:42,092 tracker_1 0.8933 0.4468 -0.0480 0.3966 -0.0516 -0.0041 -0.9987 -1.0533 -0.4464 0.8946 0.0194 -1.9654
2018-11-27 21:20:42,127 tracker_1 0.8941 0.4448 -0.0528 0.4031 -0.0530 -0.0121 -0.9985 -1.0495 -0.4447 0.8956 0.0127 -1.9578
2018-11-27 21:20:42,161 tracker_1 0.8952 0.4407 -0.0662 0.4141 -0.0575 -0.0330 -0.9978 -1.0427 -0.4419 0.8970 -0.0042 -1.9454
2018-11-27 21:20:42,196 tracker_1 0.8958 0.4353 -0.0894 0.4273 -0.0689 -0.0629 -0.9956 -1.0361 -0.4391 0.8981 -0.0263 -1.9313
2018-11-27 21:20:42,231 tracker_1 0.8957 0.4299 -0.1136 0.4382 -0.0790 -0.0974 -0.9921 -1.0276 -0.4376 0.8976 -0.0533 -1.9194
2018-11-27 21:20:42,267 tracker_1 0.8967 0.4257 -0.1213 0.4432 -0.0819 -0.1099 -0.9906 -1.0196 -0.4350 0.8982 -0.0637 -1.9129
2018-11-27 21:20:42,301 tracker_1 0.8985 0.4218 -0.1219 0.4492 -0.0781 -0.1198 -0.9897 -1.0100 -0.4321 0.8987 -0.0747 -1.9036
2018-11-27 21:20:42,337 tracker_1 0.8986 0.4124 -0.1499 0.4649 -0.0905 -0.1599 -0.9830 -1.0049 -0.4294 0.8968 -0.1064 -1.8868
2018-11-27 21:20:42,371 tracker_1 0.8967 0.4008 -0.1878 0.4819 -0.1144 -0.1999 -0.9731 -1.0003 -0.4276 0.8941 -0.1334 -1.8744
2018-11-27 21:20:42,405 tracker_1 0.8975 0.3955 -0.1950 0.4872 -0.1205 -0.2056 -0.9712 -0.9935 -0.4242 0.8952 -0.1369 -1.8708
2018-11-27 21:20:42,440 tracker_1 0.8998 0.3929 -0.1899 0.4897 -0.1150 -0.2064 -0.9717 -0.9877 -0.4209 0.8961 -0.1405 -1.8674
2018-11-27 21:20:42,475 tracker_1 0.8978 0.3861 -0.2120 0.5015 -0.1272 -0.2335 -0.9640 -0.9859 -0.4217 0.8924 -0.1606 -1.8593
2018-11-27 21:20:42,511 tracker_1 0.8915 0.3798 -0.2471 0.5174 -0.1542 -0.2585 -0.9536 -0.9867 -0.4261 0.8882 -0.1719 -1.8571
2018-11-27 21:20:42,547 tracker_1 0.8904 0.3811 -0.2490 0.5197 -0.1568 -0.2569 -0.9536 -0.9836 -0.4274 0.8881 -0.1690 -1.8620
2018-11-27 21:20:42,583 tracker_1 0.8922 0.3832 -0.2389 0.5175 -0.1500 -0.2474 -0.9572 -0.9828 -0.4259 0.8899 -0.1632 -1.8703
2018-11-27 21:20:42,617 tracker_1 0.8907 0.3818 -0.2469 0.5211 -0.1581 -0.2492 -0.9555 -0.9839 -0.4263 0.8900 -0.1616 -1.8773
2018-11-27 21:20:42,652 tracker_1 0.8871 0.3787 -0.2641 0.5259 -0.1755 -0.2526 -0.9515 -0.9862 -0.4270 0.8904 -0.1576 -1.8854
2018-11-27 21:20:42,687 tracker_1 0.8865 0.3793 -0.2652 0.5232 -0.1802 -0.2449 -0.9527 -0.9863 -0.4263 0.8923 -0.1487 -1.8940
2018-11-27 21:20:42,724 tracker_1 0.8894 0.3827 -0.2501 0.5125 -0.1720 -0.2267 -0.9586 -0.9842 -0.4236 0.8956 -0.1358 -1.9017
2018-11-27 21:20:42,757 tracker_1 0.8926 0.3823 -0.2388 0.5025 -0.1582 -0.2305 -0.9601 -0.9862 -0.4221 0.8948 -0.1453 -1.9022
2018-11-27 21:20:42,793 tracker_1 0.8955 0.3819 -0.2288 0.4945 -0.1444 -0.2370 -0.9607 -0.9827 -0.4211 0.8933 -0.1571 -1.8999
2018-11-27 21:20:42,827 tracker_1 0.8924 0.3870 -0.2320 0.4890 -0.1514 -0.2275 -0.9619 -0.9817 -0.4250 0.8936 -0.1444 -1.9086
2018-11-27 21:20:42,861 tracker_1 0.8919 0.3896 -0.2298 0.4831 -0.1529 -0.2184 -0.9638 -0.9868 -0.4257 0.8947 -0.1352 -1.9207
2018-11-27 21:20:42,896 tracker_1 0.8937 0.3897 -0.2225 0.4745 -0.1441 -0.2203 -0.9647 -0.9878 -0.4249 0.8942 -0.1407 -1.9248
2018-11-27 21:20:42,932 tracker_1 0.8941 0.3893 -0.2215 0.4682 -0.1438 -0.2189 -0.9651 -0.9901 -0.4242 0.8947 -0.1397 -1.9345
2018-11-27 21:20:42,967 tracker_1 0.8924 0.3924 -0.2228 0.4614 -0.1524 -0.2028 -0.9673 -0.9896 -0.4248 0.8971 -0.1212 -1.9496
2018-11-27 21:20:43,001 tracker_1 0.8941 0.3949 -0.2113 0.4478 -0.1461 -0.1889 -0.9711 -0.9914 -0.4234 0.8991 -0.1112 -1.9617
2018-11-27 21:20:43,037 tracker_1 0.8974 0.3947 -0.1974 0.4328 -0.1322 -0.1863 -0.9736 -0.9931 -0.4210 0.8997 -0.1150 -1.9696
2018-11-27 21:20:43,070 tracker_1 0.8983 0.3953 -0.1919 0.4194 -0.1286 -0.1811 -0.9750 -0.9955 -0.4202 0.9005 -0.1118 -1.9821
2018-11-27 21:20:43,106 tracker_1 0.8992 0.3988 -0.1802 0.4019 -0.1267 -0.1569 -0.9795 -0.9974 -0.4188 0.9035 -0.0906 -2.0006
2018-11-27 21:20:43,140 tracker_1 0.9024 0.4010 -0.1574 0.3801 -0.1127 -0.1328 -0.9847 -1.0000 -0.4158 0.9064 -0.0746 -2.0181
2018-11-27 21:20:43,175 tracker_1 0.9053 0.4015 -0.1386 0.3585 -0.0976 -0.1208 -0.9879 -1.0044 -0.4134 0.9079 -0.0702 -2.0319
2018-11-27 21:20:43,210 tracker_1 0.9078 0.3993 -0.1280 0.3381 -0.0896 -0.1135 -0.9895 -1.0096 -0.4097 0.9098 -0.0672 -2.0475
2018-11-27 21:20:43,245 tracker_1 0.9089 0.3981 -0.1241 0.3190 -0.0907 -0.1017 -0.9907 -1.0172 -0.4070 0.9117 -0.0564 -2.0668
2018-11-27 21:20:43,281 tracker_1 0.9112 0.3973 -0.1088 0.2968 -0.0823 -0.0834 -0.9931 -1.0239 -0.4036 0.9139 -0.0433 -2.0849
2018-11-27 21:20:43,316 tracker_1 0.9143 0.3952 -0.0883 0.2807 -0.0590 -0.0859 -0.9946 -1.0184 -0.4006 0.9146 -0.0552 -2.0846
2018-11-27 21:20:43,349 tracker_1 0.9130 0.3963 -0.0970 0.2769 -0.0602 -0.1043 -0.9927 -1.0250 -0.4035 0.9122 -0.0714 -2.0807
2018-11-27 21:20:43,384 tracker_1 0.9090 0.4000 -0.1171 0.2760 -0.0779 -0.1129 -0.9905 -1.0238 -0.4095 0.9095 -0.0715 -2.0855
2018-11-27 21:20:43,420 tracker_1 0.9080 0.4067 -0.1006 0.2603 -0.0679 -0.0941 -0.9932 -1.0278 -0.4134 0.9087 -0.0578 -2.0957
2018-11-27 21:20:43,454 tracker_1 0.9077 0.4144 -0.0655 0.2421 -0.0401 -0.0697 -0.9968 -1.0262 -0.4177 0.9074 -0.0467 -2.1039
2018-11-27 21:20:43,489 tracker_1 0.9057 0.4185 -0.0683 0.2393 -0.0443 -0.0668 -0.9968 -1.0318 -0.4217 0.9058 -0.0419 -2.1112
2018-11-27 21:20:43,524 tracker_1 0.9030 0.4193 -0.0939 0.2457 -0.0670 -0.0785 -0.9947 -1.0324 -0.4245 0.9044 -0.0428 -2.1174
2018-11-27 21:20:43,559 tracker_1 0.9033 0.4169 -0.1017 0.2435 -0.0783 -0.0729 -0.9943 -1.0372 -0.4219 0.9060 -0.0332 -2.1284
2018-11-27 21:20:43,595 tracker_1 0.9072 0.4140 -0.0747 0.2295 -0.0625 -0.0429 -0.9971 -1.0386 -0.4160 0.9093 -0.0130 -2.1416
2018-11-27 21:20:43,629 tracker_1 0.9102 0.4109 -0.0516 0.2198 -0.0440 -0.0279 -0.9986 -1.0447 -0.4118 0.9113 -0.0073 -2.1493
2018-11-27 21:20:43,664 tracker_1 0.9111 0.4073 -0.0630 0.2228 -0.0539 -0.0337 -0.9980 -1.0446 -0.4086 0.9127 -0.0088 -2.1537
2018-11-27 21:20:43,698 tracker_1 0.9115 0.4043 -0.0754 0.2262 -0.0669 -0.0353 -0.9971 -1.0460 -0.4058 0.9140 -0.0051 -2.1577
2018-11-27 21:20:43,733 tracker_1 0.9129 0.4021 -0.0704 0.2231 -0.0639 -0.0296 -0.9975 -1.0461 -0.4032 0.9151 -0.0013 -2.1610
2018-11-27 21:20:43,768 tracker_1 0.9146 0.4004 -0.0564 0.2174 -0.0512 -0.0238 -0.9984 -1.0459 -0.4011 0.9160 -0.0012 -2.1621
2018-11-27 21:20:43,803 tracker_1 0.9151 0.3997 -0.0528 0.2169 -0.0470 -0.0245 -0.9986 -1.0459 -0.4005 0.9163 -0.0036 -2.1615
2018-11-27 21:20:43,839 tracker_1 0.9148 0.3988 -0.0636 0.2215 -0.0559 -0.0309 -0.9980 -1.0470 -0.4000 0.9165 -0.0059 -2.1611
2018-11-27 21:20:43,877 tracker_1 0.9152 0.3966 -0.0715 0.2238 -0.0642 -0.0317 -0.9974 -1.0491 -0.3978 0.9175 -0.0035 -2.1639
2018-11-27 21:20:43,907 tracker_1 0.9165 0.3951 -0.0632 0.2208 -0.0606 -0.0190 -0.9980 -1.0491 -0.3955 0.9184 0.0065 -2.1691
2018-11-27 21:20:43,942 tracker_1 0.9176 0.3942 -0.0518 0.2171 -0.0523 -0.0095 -0.9986 -1.0496 -0.3941 0.9190 0.0119 -2.1714
2018-11-27 21:20:43,977 tracker_1 0.9179 0.3934 -0.0525 0.2175 -0.0496 -0.0175 -0.9986 -1.0500 -0.3937 0.9192 0.0034 -2.1683
2018-11-27 21:20:44,012 tracker_1 0.9175 0.3931 -0.0602 0.2204 -0.0553 -0.0238 -0.9982 -1.0500 -0.3938 0.9192 -0.0001 -2.1672
2018-11-27 21:20:44,047 tracker_1 0.9168 0.3940 -0.0652 0.2224 -0.0618 -0.0213 -0.9979 -1.0497 -0.3946 0.9189 0.0049 -2.1688
2018-11-27 21:20:44,083 tracker_1 0.9171 0.3935 -0.0638 0.2215 -0.0609 -0.0200 -0.9979 -1.0505 -0.3940 0.9191 0.0056 -2.1692
2018-11-27 21:20:44,117 tracker_1 0.9177 0.3930 -0.0585 0.2196 -0.0552 -0.0196 -0.9983 -1.0507 -0.3935 0.9193 0.0037 -2.1691
2018-11-27 21:20:44,153 tracker_1 0.9181 0.3925 -0.0553 0.2185 -0.0524 -0.0182 -0.9985 -1.0510 -0.3929 0.9196 0.0038 -2.1700
2018-11-27 21:20:44,187 tracker_1 0.9180 0.3924 -0.0566 0.2188 -0.0556 -0.0140 -0.9984 -1.0512 -0.3926 0.9197 0.0089 -2.1723
2018-11-27 21:20:44,221 tracker_1 0.9179 0.3924 -0.0580 0.2191 -0.0566 -0.0151 -0.9983 -1.0516 -0.3926 0.9197 0.0084 -2.1724
2018-11-27 21:20:44,257 tracker_1 0.9178 0.3927 -0.0583 0.2193 -0.0561 -0.0171 -0.9983 -1.0515 -0.3930 0.9195 0.0064 -2.1713
2018-11-27 21:20:44,291 tracker_1 0.9178 0.3927 -0.0578 0.2192 -0.0561 -0.0158 -0.9983 -1.0513 -0.3930 0.9195 0.0075 -2.1713
2018-11-27 21:20:44,326 tracker_1 0.9178 0.3926 -0.0588 0.2196 -0.0569 -0.0166 -0.9982 -1.0515 -0.3929 0.9196 0.0070 -2.1710
2018-11-27 21:20:44,361 tracker_1 0.9181 0.3920 -0.0591 0.2196 -0.0567 -0.0177 -0.9982 -1.0514 -0.3924 0.9198 0.0060 -2.1710
2018-11-27 21:20:44,397 tracker_1 0.9181 0.3920 -0.0585 0.2195 -0.0569 -0.0157 -0.9983 -1.0519 -0.3922 0.9198 0.0079 -2.1722
2018-11-27 21:20:44,431 tracker_1 0.9180 0.3922 -0.0582 0.2189 -0.0575 -0.0134 -0.9983 -1.0519 -0.3923 0.9198 0.0103 -2.1732
2018-11-27 21:20:44,466 tracker_1 0.9182 0.3919 -0.0574 0.2181 -0.0559 -0.0152 -0.9983 -1.0519 -0.3921 0.9199 0.0079 -2.1721
2018-11-27 21:20:44,501 tracker_1 0.9181 0.3919 -0.0587 0.2179 -0.0566 -0.0170 -0.9983 -1.0520 -0.3923 0.9198 0.0066 -2.1720
2018-11-27 21:20:44,536 tracker_1 0.9183 0.3916 -0.0578 0.2169 -0.0575 -0.0125 -0.9983 -1.0522 -0.3917 0.9200 0.0111 -2.1746
2018-11-27 21:20:44,571 tracker_1 0.9187 0.3911 -0.0552 0.2157 -0.0555 -0.0107 -0.9984 -1.0523 -0.3910 0.9203 0.0118 -2.1754
2018-11-27 21:20:44,606 tracker_1 0.9192 0.3899 -0.0557 0.2154 -0.0550 -0.0128 -0.9984 -1.0526 -0.3900 0.9208 0.0097 -2.1752
2018-11-27 21:20:44,641 tracker_1 0.9197 0.3885 -0.0569 0.2150 -0.0564 -0.0129 -0.9983 -1.0531 -0.3886 0.9214 0.0100 -2.1759
2018-11-27 21:20:44,675 tracker_1 0.9203 0.3872 -0.0555 0.2136 -0.0561 -0.0097 -0.9984 -1.0535 -0.3871 0.9220 0.0128 -2.1776
2018-11-27 21:20:44,710 tracker_1 0.9211 0.3857 -0.0534 0.2116 -0.0546 -0.0080 -0.9985 -1.0538 -0.3855 0.9226 0.0137 -2.1785
2018-11-27 21:20:44,745 tracker_1 0.9221 0.3832 -0.0544 0.2107 -0.0552 -0.0089 -0.9984 -1.0539 -0.3831 0.9236 0.0130 -2.1788
2018-11-27 21:20:44,782 tracker_1 0.9229 0.3811 -0.0560 0.2102 -0.0566 -0.0097 -0.9983 -1.0540 -0.3810 0.9245 0.0126 -2.1790
2018-11-27 21:20:44,816 tracker_1 0.9239 0.3786 -0.0546 0.2081 -0.0558 -0.0078 -0.9984 -1.0541 -0.3784 0.9255 0.0139 -2.1796
2018-11-27 21:20:44,850 tracker_1 0.9249 0.3763 -0.0539 0.2062 -0.0551 -0.0076 -0.9985 -1.0543 -0.3761 0.9265 0.0137 -2.1789
2018-11-27 21:20:44,886 tracker_1 0.9254 0.3747 -0.0563 0.2059 -0.0570 -0.0091 -0.9983 -1.0544 -0.3746 0.9271 0.0130 -2.1780
2018-11-27 21:20:44,921 tracker_1 0.9265 0.3722 -0.0557 0.2043 -0.0567 -0.0084 -0.9984 -1.0542 -0.3721 0.9281 0.0133 -2.1769
2018-11-27 21:20:44,955 tracker_1 0.9274 0.3700 -0.0548 0.2031 -0.0554 -0.0089 -0.9984 -1.0541 -0.3699 0.9290 0.0123 -2.1754
2018-11-27 21:20:44,991 tracker_1 0.9278 0.3688 -0.0570 0.2030 -0.0572 -0.0104 -0.9983 -1.0542 -0.3688 0.9295 0.0115 -2.1740
2018-11-27 21:20:45,026 tracker_1 0.9282 0.3677 -0.0567 0.2023 -0.0570 -0.0100 -0.9983 -1.0539 -0.3676 0.9299 0.0117 -2.1729
2018-11-27 21:20:45,060 tracker_1 0.9287 0.3665 -0.0561 0.2018 -0.0562 -0.0104 -0.9984 -1.0537 -0.3664 0.9304 0.0109 -2.1719
2018-11-27 21:20:45,095 tracker_1 0.9293 0.3650 -0.0569 0.2020 -0.0561 -0.0128 -0.9983 -1.0534 -0.3651 0.9309 0.0086 -2.1702
2018-11-27 21:20:45,130 tracker_1 0.9294 0.3642 -0.0588 0.2018 -0.0577 -0.0138 -0.9982 -1.0537 -0.3644 0.9312 0.0081 -2.1700
2018-11-27 21:20:45,165 tracker_1 0.9293 0.3648 -0.0579 0.2008 -0.0578 -0.0110 -0.9983 -1.0542 -0.3648 0.9310 0.0109 -2.1714
2018-11-27 21:20:45,199 tracker_1 0.9294 0.3650 -0.0551 0.1994 -0.0565 -0.0069 -0.9984 -1.0543 -0.3648 0.9310 0.0142 -2.1728
2018-11-27 21:20:45,234 tracker_1 0.9296 0.3644 -0.0545 0.1987 -0.0549 -0.0093 -0.9984 -1.0542 -0.3644 0.9312 0.0113 -2.1723
2018-11-27 21:20:45,269 tracker_1 0.9294 0.3645 -0.0581 0.1994 -0.0578 -0.0116 -0.9983 -1.0545 -0.3645 0.9311 0.0103 -2.1725
2018-11-27 21:20:45,305 tracker_1 0.9296 0.3639 -0.0580 0.1982 -0.0593 -0.0075 -0.9982 -1.0547 -0.3637 0.9314 0.0146 -2.1747
2018-11-27 21:20:45,339 tracker_1 0.9303 0.3624 -0.0565 0.1965 -0.0580 -0.0067 -0.9983 -1.0548 -0.3622 0.9320 0.0148 -2.1754
2018-11-27 21:20:45,376 tracker_1 0.9313 0.3599 -0.0566 0.1951 -0.0571 -0.0092 -0.9983 -1.0553 -0.3598 0.9329 0.0119 -2.1754
2018-11-27 21:20:45,409 tracker_1 0.9320 0.3579 -0.0577 0.1940 -0.0588 -0.0078 -0.9982 -1.0556 -0.3577 0.9337 0.0138 -2.1774
2018-11-27 21:20:45,443 tracker_1 0.9330 0.3556 -0.0550 0.1911 -0.0576 -0.0035 -0.9983 -1.0558 -0.3552 0.9346 0.0172 -2.1799
2018-11-27 21:20:45,478 tracker_1 0.9342 0.3527 -0.0541 0.1888 -0.0563 -0.0041 -0.9984 -1.0559 -0.3524 0.9357 0.0160 -2.1807
2018-11-27 21:20:45,513 tracker_1 0.9351 0.3499 -0.0555 0.1864 -0.0569 -0.0062 -0.9984 -1.0562 -0.3497 0.9368 0.0141 -2.1814
2018-11-27 21:20:45,550 tracker_1 0.9360 0.3477 -0.0551 0.1830 -0.0575 -0.0034 -0.9983 -1.0566 -0.3473 0.9376 0.0168 -2.1844
2018-11-27 21:20:45,583 tracker_1 0.9364 0.3468 -0.0536 0.1799 -0.0571 -0.0002 -0.9984 -1.0572 -0.3463 0.9379 0.0196 -2.1866
2018-11-27 21:20:45,618 tracker_1 0.9372 0.3451 -0.0503 0.1756 -0.0541 0.0014 -0.9985 -1.0577 -0.3445 0.9386 0.0200 -2.1886
2018-11-27 21:20:45,654 tracker_1 0.9380 0.3432 -0.0492 0.1728 -0.0532 0.0024 -0.9986 -1.0575 -0.3426 0.9392 0.0205 -2.1901
2018-11-27 21:20:45,688 tracker_1 0.9387 0.3413 -0.0487 0.1708 -0.0527 0.0024 -0.9986 -1.0581 -0.3407 0.9399 0.0203 -2.1907
2018-11-27 21:20:45,724 tracker_1 0.9392 0.3396 -0.0502 0.1699 -0.0537 0.0009 -0.9986 -1.0582 -0.3391 0.9406 0.0191 -2.1904
2018-11-27 21:20:45,759 tracker_1 0.9397 0.3380 -0.0518 0.1692 -0.0551 0.0003 -0.9985 -1.0586 -0.3375 0.9411 0.0189 -2.1907
2018-11-27 21:20:45,792 tracker_1 0.9402 0.3366 -0.0515 0.1672 -0.0549 0.0005 -0.9985 -1.0584 -0.3360 0.9417 0.0189 -2.1910
2018-11-27 21:20:45,828 tracker_1 0.9409 0.3347 -0.0509 0.1649 -0.0543 0.0009 -0.9985 -1.0587 -0.3342 0.9423 0.0190 -2.1915
2018-11-27 21:20:45,863 tracker_1 0.9417 0.3329 -0.0495 0.1626 -0.0530 0.0017 -0.9986 -1.0589 -0.3323 0.9430 0.0193 -2.1925
2018-11-27 21:20:45,899 tracker_1 0.9423 0.3311 -0.0485 0.1603 -0.0522 0.0021 -0.9986 -1.0591 -0.3306 0.9436 0.0192 -2.1928
2018-11-27 21:20:45,935 tracker_1 0.9430 0.3294 -0.0479 0.1577 -0.0516 0.0025 -0.9987 -1.0591 -0.3288 0.9442 0.0194 -2.1933
2018-11-27 21:20:45,969 tracker_1 0.9436 0.3278 -0.0464 0.1555 -0.0502 0.0031 -0.9987 -1.0594 -0.3273 0.9447 0.0194 -2.1939
2018-11-27 21:20:46,004 tracker_1 0.9442 0.3263 -0.0457 0.1538 -0.0497 0.0039 -0.9988 -1.0595 -0.3257 0.9453 0.0198 -2.1945
2018-11-27 21:20:46,039 tracker_1 0.9447 0.3248 -0.0451 0.1518 -0.0492 0.0043 -0.9988 -1.0598 -0.3242 0.9458 0.0200 -2.1948
2018-11-27 21:20:46,074 tracker_1 0.9451 0.3236 -0.0447 0.1508 -0.0486 0.0041 -0.9988 -1.0596 -0.3230 0.9462 0.0196 -2.1947
2018-11-27 21:20:46,109 tracker_1 0.9455 0.3226 -0.0450 0.1501 -0.0487 0.0034 -0.9988 -1.0596 -0.3220 0.9465 0.0189 -2.1946
2018-11-27 21:20:46,144 tracker_1 0.9457 0.3220 -0.0450 0.1492 -0.0487 0.0034 -0.9988 -1.0595 -0.3215 0.9467 0.0189 -2.1948
2018-11-27 21:20:46,178 tracker_1 0.9459 0.3213 -0.0442 0.1483 -0.0482 0.0044 -0.9988 -1.0595 -0.3207 0.9470 0.0196 -2.1954
2018-11-27 21:20:46,212 tracker_1 0.9462 0.3206 -0.0436 0.1475 -0.0475 0.0045 -0.9989 -1.0594 -0.3200 0.9472 0.0195 -2.1956
2018-11-27 21:20:46,247 tracker_1 0.9463 0.3201 -0.0442 0.1471 -0.0479 0.0038 -0.9988 -1.0593 -0.3196 0.9474 0.0190 -2.1956
2018-11-27 21:20:46,282 tracker_1 0.9465 0.3198 -0.0442 0.1467 -0.0479 0.0037 -0.9988 -1.0592 -0.3192 0.9475 0.0188 -2.1959
2018-11-27 21:20:46,317 tracker_1 0.9467 0.3191 -0.0435 0.1460 -0.0473 0.0044 -0.9989 -1.0594 -0.3186 0.9477 0.0193 -2.1968
2018-11-27 21:20:46,351 tracker_1 0.9468 0.3188 -0.0434 0.1455 -0.0473 0.0045 -0.9989 -1.0595 -0.3183 0.9478 0.0193 -2.1970
2018-11-27 21:20:46,386 tracker_1 0.9469 0.3186 -0.0436 0.1452 -0.0474 0.0042 -0.9989 -1.0595 -0.3181 0.9479 0.0191 -2.1972
2018-11-27 21:20:46,421 tracker_1 0.9468 0.3188 -0.0447 0.1456 -0.0485 0.0038 -0.9988 -1.0599 -0.3183 0.9478 0.0190 -2.1973
2018-11-27 21:20:46,457 tracker_1 0.9468 0.3188 -0.0440 0.1452 -0.0480 0.0044 -0.9988 -1.0598 -0.3182 0.9478 0.0195 -2.1975
2018-11-27 21:20:46,492 tracker_1 0.9468 0.3188 -0.0440 0.1453 -0.0479 0.0045 -0.9988 -1.0597 -0.3182 0.9478 0.0195 -2.1976
2018-11-27 21:20:46,526 tracker_1 0.9468 0.3187 -0.0447 0.1452 -0.0485 0.0039 -0.9988 -1.0595 -0.3181 0.9479 0.0192 -2.1976
2018-11-27 21:20:46,562 tracker_1 0.9469 0.3185 -0.0447 0.1452 -0.0483 0.0035 -0.9988 -1.0595 -0.3180 0.9479 0.0187 -2.1973
2018-11-27 21:20:46,596 tracker_1 0.9469 0.3185 -0.0442 0.1450 -0.0480 0.0039 -0.9988 -1.0596 -0.3179 0.9479 0.0190 -2.1975
2018-11-27 21:20:46,632 tracker_1 0.9469 0.3185 -0.0435 0.1449 -0.0473 0.0043 -0.9989 -1.0596 -0.3180 0.9479 0.0191 -2.1974
2018-11-27 21:20:46,667 tracker_1 0.9469 0.3186 -0.0438 0.1450 -0.0475 0.0040 -0.9989 -1.0596 -0.3181 0.9479 0.0190 -2.1972
2018-11-27 21:20:46,701 tracker_1 0.9469 0.3185 -0.0439 0.1449 -0.0477 0.0040 -0.9989 -1.0595 -0.3179 0.9479 0.0189 -2.1973
2018-11-27 21:20:46,736 tracker_1 0.9469 0.3185 -0.0439 0.1449 -0.0477 0.0041 -0.9989 -1.0595 -0.3180 0.9479 0.0190 -2.1972
2018-11-27 21:20:46,771 tracker_1 0.9469 0.3186 -0.0437 0.1450 -0.0475 0.0043 -0.9989 -1.0594 -0.3181 0.9479 0.0192 -2.1971
2018-11-27 21:20:46,806 tracker_1 0.9468 0.3187 -0.0441 0.1454 -0.0479 0.0041 -0.9988 -1.0597 -0.3182 0.9478 0.0191 -2.1974
2018-11-27 21:20:46,842 tracker_1 0.9466 0.3191 -0.0453 0.1463 -0.0490 0.0034 -0.9988 -1.0598 -0.3186 0.9477 0.0189 -2.1974
2018-11-27 21:20:46,876 tracker_1 0.9468 0.3189 -0.0442 0.1462 -0.0478 0.0037 -0.9988 -1.0597 -0.3184 0.9478 0.0187 -2.1974
2018-11-27 21:20:46,910 tracker_1 0.9467 0.3192 -0.0434 0.1462 -0.0473 0.0042 -0.9989 -1.0597 -0.3187 0.9477 0.0191 -2.1973
2018-11-27 21:20:46,945 tracker_1 0.9465 0.3198 -0.0430 0.1469 -0.0469 0.0043 -0.9989 -1.0594 -0.3192 0.9475 0.0190 -2.1963
2018-11-27 21:20:46,981 tracker_1 0.9464 0.3202 -0.0425 0.1481 -0.0457 0.0024 -0.9990 -1.0589 -0.3198 0.9473 0.0169 -2.1931
2018-11-27 21:20:47,015 tracker_1 0.9464 0.3201 -0.0429 0.1504 -0.0448 -0.0014 -0.9990 -1.0573 -0.3198 0.9474 0.0130 -2.1888
2018-11-27 21:20:47,050 tracker_1 0.9460 0.3207 -0.0468 0.1546 -0.0470 -0.0071 -0.9989 -1.0556 -0.3207 0.9471 0.0083 -2.1827
2018-11-27 21:20:47,085 tracker_1 0.9457 0.3211 -0.0498 0.1588 -0.0477 -0.0145 -0.9988 -1.0527 -0.3215 0.9469 0.0016 -2.1749
2018-11-27 21:20:47,120 tracker_1 0.9450 0.3217 -0.0586 0.1659 -0.0521 -0.0287 -0.9982 -1.0473 -0.3228 0.9464 -0.0104 -2.1646
2018-11-27 21:20:47,155 tracker_1 0.9440 0.3220 -0.0723 0.1745 -0.0592 -0.0503 -0.9970 -1.0414 -0.3246 0.9454 -0.0284 -2.1522
2018-11-27 21:20:47,190 tracker_1 0.9426 0.3215 -0.0898 0.1833 -0.0678 -0.0790 -0.9946 -1.0354 -0.3269 0.9436 -0.0527 -2.1391
2018-11-27 21:20:47,224 tracker_1 0.9415 0.3210 -0.1029 0.1873 -0.0742 -0.1003 -0.9922 -1.0309 -0.3289 0.9417 -0.0706 -2.1343
2018-11-27 21:20:47,259 tracker_1 0.9414 0.3226 -0.0984 0.1846 -0.0714 -0.0945 -0.9930 -1.0278 -0.3296 0.9418 -0.0659 -2.1393
2018-11-27 21:20:47,294 tracker_1 0.9419 0.3232 -0.0918 0.1827 -0.0677 -0.0850 -0.9941 -1.0238 -0.3291 0.9425 -0.0582 -2.1433
2018-11-27 21:20:47,329 tracker_1 0.9423 0.3196 -0.1000 0.1876 -0.0708 -0.1017 -0.9923 -1.0227 -0.3273 0.9421 -0.0732 -2.1385
2018-11-27 21:20:47,363 tracker_1 0.9414 0.3139 -0.1238 0.1973 -0.0872 -0.1283 -0.9879 -1.0194 -0.3260 0.9408 -0.0934 -2.1335
2018-11-27 21:20:47,398 tracker_1 0.9405 0.3106 -0.1376 0.2009 -0.0993 -0.1361 -0.9857 -1.0164 -0.3249 0.9408 -0.0972 -2.1361
2018-11-27 21:20:47,433 tracker_1 0.9417 0.3108 -0.1292 0.1974 -0.0923 -0.1307 -0.9871 -1.0119 -0.3237 0.9415 -0.0944 -2.1420
