2018-11-27 21:22:02,787 START: 30 fps
2018-11-27 21:22:02,787 hmd_1 1.0000 0.0000 0.0000 0.0000 0.0000 1.0000 0.0000 0.0000 0.0000 0.0000 1.0000 0.0000
2018-11-27 21:22:02,787 tracking_reference_1 -0.9934 -0.0375 0.1085 0.1519 0.0187 0.8796 0.4754 -0.0472 -0.1132 0.4743 -0.8730 -4.7742
2018-11-27 21:22:02,788 tracking_reference_2 1.0000 0.0050 -0.0000 0.0000 -0.0041 0.8245 0.5659 0.0000 0.0028 -0.5659 0.8245 0.0000
2018-11-27 21:22:02,788 tracker_1 0.8464 0.5317 -0.0300 0.5942 -0.0449 0.0151 -0.9989 -1.0557 -0.5306 0.8468 0.0367 -1.7355
2018-11-27 21:22:02,788 tracker_1 0.8464 0.5317 -0.0300 0.5942 -0.0449 0.0151 -0.9989 -1.0557 -0.5306 0.8468 0.0367 -1.7355
2018-11-27 21:22:02,823 tracker_1 0.8465 0.5316 -0.0296 0.5942 -0.0446 0.0153 -0.9989 -1.0556 -0.5305 0.8469 0.0367 -1.7355
2018-11-27 21:22:02,859 tracker_1 0.8464 0.5317 -0.0296 0.5940 -0.0446 0.0154 -0.9989 -1.0557 -0.5306 0.8468 0.0367 -1.7354
2018-11-27 21:22:02,896 tracker_1 0.8464 0.5318 -0.0297 0.5939 -0.0448 0.0155 -0.9989 -1.0557 -0.5307 0.8467 0.0369 -1.7353
2018-11-27 21:22:02,929 tracker_1 0.8465 0.5315 -0.0296 0.5939 -0.0445 0.0154 -0.9989 -1.0556 -0.5305 0.8469 0.0367 -1.7351
2018-11-27 21:22:02,963 tracker_1 0.8465 0.5316 -0.0298 0.5941 -0.0447 0.0151 -0.9989 -1.0556 -0.5305 0.8469 0.0366 -1.7350
2018-11-27 21:22:02,997 tracker_1 0.8465 0.5316 -0.0300 0.5941 -0.0449 0.0151 -0.9989 -1.0556 -0.5306 0.8469 0.0366 -1.7350
2018-11-27 21:22:03,032 tracker_1 0.8464 0.5317 -0.0302 0.5942 -0.0453 0.0153 -0.9989 -1.0558 -0.5306 0.8468 0.0370 -1.7354
2018-11-27 21:22:03,069 tracker_1 0.8464 0.5317 -0.0300 0.5941 -0.0452 0.0155 -0.9989 -1.0556 -0.5306 0.8468 0.0371 -1.7355
2018-11-27 21:22:03,102 tracker_1 0.8465 0.5316 -0.0297 0.5939 -0.0447 0.0155 -0.9989 -1.0554 -0.5305 0.8469 0.0369 -1.7354
2018-11-27 21:22:03,137 tracker_1 0.8466 0.5313 -0.0298 0.5941 -0.0449 0.0155 -0.9989 -1.0555 -0.5303 0.8470 0.0369 -1.7357
2018-11-27 21:22:03,172 tracker_1 0.8466 0.5314 -0.0297 0.5940 -0.0446 0.0153 -0.9989 -1.0556 -0.5304 0.8470 0.0367 -1.7355
2018-11-27 21:22:03,207 tracker_1 0.8465 0.5315 -0.0299 0.5940 -0.0448 0.0151 -0.9989 -1.0555 -0.5305 0.8469 0.0366 -1.7352
2018-11-27 21:22:03,242 tracker_1 0.8465 0.5316 -0.0298 0.5940 -0.0448 0.0153 -0.9989 -1.0556 -0.5305 0.8469 0.0368 -1.7353
2018-11-27 21:22:03,277 tracker_1 0.8464 0.5317 -0.0300 0.5941 -0.0450 0.0154 -0.9989 -1.0555 -0.5306 0.8468 0.0370 -1.7351
2018-11-27 21:22:03,319 tracker_1 0.8465 0.5316 -0.0296 0.5939 -0.0448 0.0157 -0.9989 -1.0555 -0.5305 0.8468 0.0371 -1.7352
2018-11-27 21:22:03,348 tracker_1 0.8465 0.5316 -0.0294 0.5937 -0.0448 0.0161 -0.9989 -1.0555 -0.5305 0.8469 0.0374 -1.7353
2018-11-27 21:22:03,381 tracker_1 0.8465 0.5315 -0.0293 0.5936 -0.0449 0.0164 -0.9989 -1.0556 -0.5305 0.8469 0.0377 -1.7353
2018-11-27 21:22:03,416 tracker_1 0.8464 0.5317 -0.0297 0.5943 -0.0453 0.0163 -0.9988 -1.0555 -0.5306 0.8468 0.0378 -1.7353
2018-11-27 21:22:03,451 tracker_1 0.8462 0.5319 -0.0306 0.5951 -0.0456 0.0151 -0.9988 -1.0550 -0.5309 0.8466 0.0370 -1.7342
2018-11-27 21:22:03,486 tracker_1 0.8459 0.5324 -0.0322 0.5963 -0.0459 0.0125 -0.9989 -1.0544 -0.5314 0.8464 0.0350 -1.7325
2018-11-27 21:22:03,523 tracker_1 0.8457 0.5326 -0.0335 0.5972 -0.0461 0.0104 -0.9989 -1.0540 -0.5316 0.8463 0.0333 -1.7311
2018-11-27 21:22:03,559 tracker_1 0.8459 0.5324 -0.0327 0.5974 -0.0459 0.0115 -0.9989 -1.0539 -0.5314 0.8464 0.0341 -1.7316
2018-11-27 21:22:03,593 tracker_1 0.8461 0.5320 -0.0325 0.5972 -0.0460 0.0121 -0.9989 -1.0538 -0.5310 0.8466 0.0347 -1.7317
2018-11-27 21:22:03,629 tracker_1 0.8463 0.5317 -0.0329 0.5973 -0.0458 0.0112 -0.9989 -1.0540 -0.5307 0.8469 0.0338 -1.7316
2018-11-27 21:22:03,664 tracker_1 0.8462 0.5318 -0.0328 0.5969 -0.0461 0.0118 -0.9989 -1.0542 -0.5308 0.8468 0.0345 -1.7318
2018-11-27 21:22:03,698 tracker_1 0.8463 0.5318 -0.0322 0.5965 -0.0459 0.0126 -0.9989 -1.0543 -0.5308 0.8468 0.0350 -1.7321
2018-11-27 21:22:03,737 tracker_1 0.8464 0.5317 -0.0315 0.5959 -0.0452 0.0127 -0.9989 -1.0543 -0.5307 0.8468 0.0348 -1.7320
2018-11-27 21:22:03,770 tracker_1 0.8464 0.5316 -0.0312 0.5956 -0.0455 0.0138 -0.9989 -1.0544 -0.5306 0.8469 0.0359 -1.7326
2018-11-27 21:22:03,804 tracker_1 0.8466 0.5314 -0.0305 0.5954 -0.0453 0.0147 -0.9989 -1.0545 -0.5304 0.8470 0.0365 -1.7331
2018-11-27 21:22:03,840 tracker_1 0.8465 0.5315 -0.0306 0.5956 -0.0451 0.0143 -0.9989 -1.0547 -0.5305 0.8469 0.0360 -1.7332
2018-11-27 21:22:03,874 tracker_1 0.8464 0.5316 -0.0312 0.5961 -0.0455 0.0138 -0.9989 -1.0548 -0.5305 0.8469 0.0358 -1.7332
2018-11-27 21:22:03,909 tracker_1 0.8464 0.5316 -0.0318 0.5964 -0.0460 0.0134 -0.9989 -1.0548 -0.5305 0.8469 0.0358 -1.7331
2018-11-27 21:22:03,944 tracker_1 0.8465 0.5315 -0.0314 0.5964 -0.0451 0.0129 -0.9989 -1.0542 -0.5305 0.8470 0.0349 -1.7321
2018-11-27 21:22:03,978 tracker_1 0.8465 0.5315 -0.0319 0.5970 -0.0454 0.0122 -0.9989 -1.0540 -0.5305 0.8470 0.0344 -1.7316
2018-11-27 21:22:04,013 tracker_1 0.8465 0.5314 -0.0328 0.5978 -0.0457 0.0112 -0.9989 -1.0538 -0.5304 0.8471 0.0338 -1.7312
2018-11-27 21:22:04,048 tracker_1 0.8397 0.5402 -0.0547 0.5964 -0.0636 -0.0022 -0.9980 -1.0465 -0.5393 0.8415 0.0325 -1.7231
2018-11-27 21:22:04,084 tracker_1 0.8410 0.5385 -0.0524 0.5988 -0.0640 0.0029 -0.9979 -1.0499 -0.5373 0.8426 0.0369 -1.7258
2018-11-27 21:22:04,118 tracker_1 0.8418 0.5374 -0.0510 0.6003 -0.0632 0.0043 -0.9980 -1.0517 -0.5361 0.8433 0.0376 -1.7279
2018-11-27 21:22:04,153 tracker_1 0.8378 0.5419 -0.0663 0.6013 -0.0763 -0.0040 -0.9971 -1.0449 -0.5406 0.8404 0.0380 -1.7229
2018-11-27 21:22:04,191 tracker_1 0.8392 0.5399 -0.0643 0.6027 -0.0752 -0.0020 -0.9972 -1.0492 -0.5385 0.8417 0.0389 -1.7262
2018-11-27 21:22:04,224 tracker_1 0.8398 0.5393 -0.0630 0.6042 -0.0735 -0.0020 -0.9973 -1.0509 -0.5380 0.8421 0.0380 -1.7284
2018-11-27 21:22:04,257 tracker_1 0.8402 0.5389 -0.0609 0.6050 -0.0716 -0.0009 -0.9974 -1.0508 -0.5376 0.8424 0.0378 -1.7297
2018-11-27 21:22:04,293 tracker_1 0.8401 0.5393 -0.0587 0.6048 -0.0705 0.0012 -0.9975 -1.0507 -0.5379 0.8421 0.0391 -1.7309
2018-11-27 21:22:04,327 tracker_1 0.8402 0.5393 -0.0558 0.6043 -0.0675 0.0019 -0.9977 -1.0490 -0.5380 0.8421 0.0381 -1.7295
2018-11-27 21:22:04,361 tracker_1 0.8400 0.5398 -0.0544 0.6046 -0.0657 0.0017 -0.9978 -1.0490 -0.5385 0.8418 0.0369 -1.7287
2018-11-27 21:22:04,396 tracker_1 0.8402 0.5397 -0.0534 0.6054 -0.0642 0.0012 -0.9979 -1.0484 -0.5385 0.8418 0.0357 -1.7276
2018-11-27 21:22:04,433 tracker_1 0.8404 0.5395 -0.0523 0.6061 -0.0628 0.0011 -0.9980 -1.0477 -0.5384 0.8420 0.0348 -1.7266
2018-11-27 21:22:04,467 tracker_1 0.8406 0.5392 -0.0510 0.6062 -0.0610 0.0007 -0.9981 -1.0469 -0.5382 0.8422 0.0335 -1.7247
2018-11-27 21:22:04,501 tracker_1 0.8411 0.5385 -0.0510 0.6076 -0.0600 -0.0008 -0.9982 -1.0461 -0.5376 0.8426 0.0316 -1.7229
2018-11-27 21:22:04,537 tracker_1 0.8416 0.5375 -0.0517 0.6095 -0.0593 -0.0031 -0.9982 -1.0447 -0.5368 0.8432 0.0292 -1.7208
2018-11-27 21:22:04,570 tracker_1 0.8424 0.5363 -0.0521 0.6113 -0.0590 -0.0043 -0.9982 -1.0436 -0.5356 0.8440 0.0281 -1.7189
2018-11-27 21:22:04,605 tracker_1 0.8426 0.5360 -0.0524 0.6128 -0.0583 -0.0059 -0.9983 -1.0431 -0.5354 0.8442 0.0263 -1.7174
2018-11-27 21:22:04,640 tracker_1 0.8426 0.5359 -0.0535 0.6146 -0.0585 -0.0078 -0.9983 -1.0424 -0.5354 0.8443 0.0247 -1.7157
2018-11-27 21:22:04,675 tracker_1 0.8420 0.5364 -0.0574 0.6177 -0.0604 -0.0121 -0.9981 -1.0412 -0.5361 0.8439 0.0222 -1.7138
2018-11-27 21:22:04,710 tracker_1 0.8415 0.5369 -0.0603 0.6196 -0.0608 -0.0166 -0.9980 -1.0393 -0.5369 0.8435 0.0187 -1.7113
2018-11-27 21:22:04,745 tracker_1 0.8404 0.5384 -0.0624 0.6213 -0.0618 -0.0192 -0.9979 -1.0379 -0.5384 0.8425 0.0171 -1.7096
2018-11-27 21:22:04,781 tracker_1 0.8390 0.5404 -0.0636 0.6224 -0.0609 -0.0229 -0.9979 -1.0358 -0.5407 0.8411 0.0137 -1.7067
2018-11-27 21:22:04,815 tracker_1 0.8368 0.5431 -0.0689 0.6253 -0.0611 -0.0323 -0.9976 -1.0333 -0.5440 0.8390 0.0062 -1.7025
2018-11-27 21:22:04,850 tracker_1 0.8340 0.5459 -0.0799 0.6289 -0.0649 -0.0467 -0.9968 -1.0306 -0.5479 0.8366 -0.0035 -1.6982
2018-11-27 21:22:04,886 tracker_1 0.8310 0.5487 -0.0912 0.6315 -0.0708 -0.0583 -0.9958 -1.0287 -0.5517 0.8340 -0.0096 -1.6967
2018-11-27 21:22:04,920 tracker_1 0.8287 0.5520 -0.0922 0.6300 -0.0720 -0.0582 -0.9957 -1.0275 -0.5550 0.8318 -0.0085 -1.6976
2018-11-27 21:22:04,954 tracker_1 0.8269 0.5548 -0.0914 0.6278 -0.0712 -0.0579 -0.9958 -1.0261 -0.5578 0.8300 -0.0084 -1.6982
2018-11-27 21:22:04,989 tracker_1 0.8251 0.5572 -0.0933 0.6258 -0.0715 -0.0610 -0.9956 -1.0252 -0.5605 0.8281 -0.0105 -1.6985
2018-11-27 21:22:05,024 tracker_1 0.8234 0.5599 -0.0928 0.6219 -0.0725 -0.0584 -0.9957 -1.0253 -0.5629 0.8265 -0.0075 -1.7010
2018-11-27 21:22:05,059 tracker_1 0.8226 0.5624 -0.0838 0.6148 -0.0689 -0.0477 -0.9965 -1.0258 -0.5644 0.8255 -0.0005 -1.7056
2018-11-27 21:22:05,098 tracker_1 0.8219 0.5646 -0.0757 0.6079 -0.0639 -0.0407 -0.9971 -1.0258 -0.5661 0.8244 0.0026 -1.7094
2018-11-27 21:22:05,133 tracker_1 0.8209 0.5662 -0.0750 0.6050 -0.0617 -0.0426 -0.9972 -1.0247 -0.5678 0.8232 0.0000 -1.7115
2018-11-27 21:22:05,167 tracker_1 0.8190 0.5681 -0.0808 0.6053 -0.0666 -0.0458 -0.9967 -1.0234 -0.5700 0.8217 0.0004 -1.7138
2018-11-27 21:22:05,203 tracker_1 0.8136 0.5726 -0.1004 0.6054 -0.0818 -0.0583 -0.9949 -1.0163 -0.5756 0.8177 -0.0006 -1.7074
2018-11-27 21:22:05,237 tracker_1 0.8093 0.5755 -0.1175 0.6119 -0.0936 -0.0711 -0.9931 -1.0196 -0.5798 0.8147 -0.0037 -1.7113
2018-11-27 21:22:05,274 tracker_1 0.8097 0.5740 -0.1219 0.6118 -0.0945 -0.0776 -0.9925 -1.0208 -0.5792 0.8152 -0.0086 -1.7127
2018-11-27 21:22:05,306 tracker_1 0.8089 0.5738 -0.1283 0.6118 -0.0984 -0.0831 -0.9917 -1.0209 -0.5796 0.8148 -0.0108 -1.7139
2018-11-27 21:22:05,342 tracker_1 0.8084 0.5739 -0.1307 0.6105 -0.0997 -0.0853 -0.9914 -1.0214 -0.5801 0.8145 -0.0118 -1.7163
2018-11-27 21:22:05,377 tracker_1 0.8089 0.5742 -0.1265 0.6057 -0.0948 -0.0849 -0.9919 -1.0215 -0.5803 0.8143 -0.0142 -1.7176
2018-11-27 21:22:05,412 tracker_1 0.8086 0.5751 -0.1243 0.6013 -0.0932 -0.0833 -0.9922 -1.0218 -0.5809 0.8138 -0.0138 -1.7202
2018-11-27 21:22:05,446 tracker_1 0.8085 0.5760 -0.1211 0.5969 -0.0920 -0.0794 -0.9926 -1.0224 -0.5813 0.8136 -0.0112 -1.7240
2018-11-27 21:22:05,481 tracker_1 0.8086 0.5769 -0.1156 0.5910 -0.0887 -0.0747 -0.9933 -1.0233 -0.5816 0.8134 -0.0092 -1.7270
2018-11-27 21:22:05,516 tracker_1 0.8087 0.5775 -0.1119 0.5856 -0.0845 -0.0742 -0.9937 -1.0244 -0.5821 0.8130 -0.0112 -1.7294
2018-11-27 21:22:05,550 tracker_1 0.8087 0.5782 -0.1084 0.5791 -0.0818 -0.0719 -0.9941 -1.0259 -0.5825 0.8127 -0.0109 -1.7332
2018-11-27 21:22:05,586 tracker_1 0.8085 0.5796 -0.1020 0.5713 -0.0790 -0.0649 -0.9948 -1.0275 -0.5831 0.8123 -0.0067 -1.7387
2018-11-27 21:22:05,620 tracker_1 0.8084 0.5813 -0.0924 0.5637 -0.0735 -0.0559 -0.9957 -1.0292 -0.5840 0.8118 -0.0025 -1.7444
2018-11-27 21:22:05,655 tracker_1 0.8074 0.5835 -0.0876 0.5587 -0.0683 -0.0550 -0.9961 -1.0300 -0.5861 0.8103 -0.0045 -1.7460
2018-11-27 21:22:05,691 tracker_1 0.8057 0.5850 -0.0926 0.5580 -0.0691 -0.0624 -0.9957 -1.0304 -0.5882 0.8086 -0.0098 -1.7464
2018-11-27 21:22:05,725 tracker_1 0.8039 0.5864 -0.0989 0.5575 -0.0758 -0.0639 -0.9951 -1.0316 -0.5899 0.8075 -0.0070 -1.7501
2018-11-27 21:22:05,761 tracker_1 0.8036 0.5877 -0.0939 0.5515 -0.0755 -0.0559 -0.9956 -1.0335 -0.5903 0.8072 -0.0006 -1.7555
2018-11-27 21:22:05,795 tracker_1 0.8055 0.5875 -0.0778 0.5430 -0.0647 -0.0433 -0.9970 -1.0343 -0.5891 0.8081 0.0031 -1.7597
2018-11-27 21:22:05,831 tracker_1 0.8074 0.5857 -0.0714 0.5391 -0.0577 -0.0420 -0.9974 -1.0349 -0.5872 0.8094 -0.0001 -1.7611
2018-11-27 21:22:05,866 tracker_1 0.8082 0.5836 -0.0789 0.5403 -0.0649 -0.0449 -0.9969 -1.0358 -0.5853 0.8108 0.0016 -1.7646
2018-11-27 21:22:05,900 tracker_1 0.8088 0.5818 -0.0854 0.5410 -0.0743 -0.0430 -0.9963 -1.0366 -0.5833 0.8122 0.0084 -1.7699
2018-11-27 21:22:05,936 tracker_1 0.8101 0.5809 -0.0791 0.5366 -0.0701 -0.0380 -0.9968 -1.0378 -0.5820 0.8131 0.0099 -1.7728
2018-11-27 21:22:05,970 tracker_1 0.8116 0.5800 -0.0699 0.5312 -0.0616 -0.0340 -0.9975 -1.0385 -0.5810 0.8139 0.0082 -1.7737
2018-11-27 21:22:06,006 tracker_1 0.8124 0.5795 -0.0644 0.5281 -0.0575 -0.0302 -0.9979 -1.0391 -0.5802 0.8144 0.0088 -1.7758
2018-11-27 21:22:06,041 tracker_1 0.8125 0.5790 -0.0683 0.5288 -0.0632 -0.0290 -0.9976 -1.0397 -0.5796 0.8148 0.0130 -1.7787
2018-11-27 21:22:06,075 tracker_1 0.8127 0.5781 -0.0735 0.5303 -0.0673 -0.0322 -0.9972 -1.0407 -0.5788 0.8153 0.0127 -1.7803
2018-11-27 21:22:06,110 tracker_1 0.8134 0.5770 -0.0732 0.5294 -0.0665 -0.0328 -0.9972 -1.0411 -0.5778 0.8161 0.0117 -1.7809
2018-11-27 21:22:06,145 tracker_1 0.8145 0.5762 -0.0676 0.5270 -0.0623 -0.0289 -0.9976 -1.0413 -0.5768 0.8168 0.0123 -1.7818
2018-11-27 21:22:06,181 tracker_1 0.8157 0.5750 -0.0626 0.5257 -0.0582 -0.0261 -0.9980 -1.0411 -0.5755 0.8177 0.0122 -1.7819
2018-11-27 21:22:06,215 tracker_1 0.8170 0.5732 -0.0634 0.5273 -0.0566 -0.0297 -0.9980 -1.0409 -0.5739 0.8189 0.0082 -1.7804
2018-11-27 21:22:06,250 tracker_1 0.8175 0.5717 -0.0696 0.5304 -0.0610 -0.0342 -0.9976 -1.0409 -0.5726 0.8198 0.0069 -1.7803
2018-11-27 21:22:06,285 tracker_1 0.8179 0.5706 -0.0732 0.5318 -0.0651 -0.0347 -0.9973 -1.0410 -0.5716 0.8205 0.0088 -1.7812
2018-11-27 21:22:06,319 tracker_1 0.8185 0.5702 -0.0694 0.5305 -0.0621 -0.0323 -0.9975 -1.0408 -0.5711 0.8208 0.0090 -1.7812
2018-11-27 21:22:06,356 tracker_1 0.8187 0.5705 -0.0660 0.5286 -0.0582 -0.0319 -0.9978 -1.0412 -0.5713 0.8207 0.0071 -1.7805
2018-11-27 21:22:06,391 tracker_1 0.8188 0.5704 -0.0641 0.5269 -0.0567 -0.0308 -0.9979 -1.0418 -0.5712 0.8208 0.0072 -1.7813
2018-11-27 21:22:06,425 tracker_1 0.8185 0.5711 -0.0623 0.5249 -0.0585 -0.0250 -0.9980 -1.0424 -0.5715 0.8205 0.0129 -1.7844
2018-11-27 21:22:06,460 tracker_1 0.8185 0.5712 -0.0611 0.5231 -0.0594 -0.0217 -0.9980 -1.0430 -0.5714 0.8205 0.0161 -1.7862
2018-11-27 21:22:06,497 tracker_1 0.8188 0.5709 -0.0608 0.5218 -0.0575 -0.0237 -0.9981 -1.0443 -0.5712 0.8207 0.0135 -1.7874
2018-11-27 21:22:06,531 tracker_1 0.8192 0.5705 -0.0576 0.5194 -0.0564 -0.0198 -0.9982 -1.0451 -0.5707 0.8210 0.0159 -1.7902
2018-11-27 21:22:06,566 tracker_1 0.8199 0.5699 -0.0542 0.5170 -0.0565 -0.0136 -0.9983 -1.0460 -0.5697 0.8216 0.0211 -1.7941
2018-11-27 21:22:06,602 tracker_1 0.8205 0.5692 -0.0526 0.5153 -0.0553 -0.0125 -0.9984 -1.0468 -0.5690 0.8221 0.0212 -1.7960
2018-11-27 21:22:06,636 tracker_1 0.8211 0.5685 -0.0512 0.5140 -0.0541 -0.0117 -0.9985 -1.0476 -0.5682 0.8226 0.0211 -1.7975
2018-11-27 21:22:06,671 tracker_1 0.8216 0.5679 -0.0493 0.5127 -0.0540 -0.0085 -0.9985 -1.0484 -0.5675 0.8230 0.0237 -1.8001
2018-11-27 21:22:06,705 tracker_1 0.8220 0.5675 -0.0477 0.5118 -0.0526 -0.0077 -0.9986 -1.0486 -0.5670 0.8234 0.0236 -1.8007
2018-11-27 21:22:06,741 tracker_1 0.8220 0.5675 -0.0472 0.5115 -0.0518 -0.0081 -0.9986 -1.0489 -0.5671 0.8234 0.0228 -1.8009
2018-11-27 21:22:06,777 tracker_1 0.8221 0.5673 -0.0475 0.5118 -0.0521 -0.0081 -0.9986 -1.0490 -0.5669 0.8235 0.0229 -1.8009
2018-11-27 21:22:06,811 tracker_1 0.8224 0.5669 -0.0469 0.5119 -0.0511 -0.0084 -0.9987 -1.0489 -0.5666 0.8237 0.0221 -1.8004
2018-11-27 21:22:06,846 tracker_1 0.8227 0.5666 -0.0465 0.5123 -0.0500 -0.0094 -0.9987 -1.0486 -0.5663 0.8240 0.0206 -1.7997
2018-11-27 21:22:06,881 tracker_1 0.8234 0.5656 -0.0461 0.5128 -0.0493 -0.0096 -0.9987 -1.0483 -0.5653 0.8246 0.0200 -1.7995
2018-11-27 21:22:06,917 tracker_1 0.8242 0.5644 -0.0470 0.5138 -0.0496 -0.0107 -0.9987 -1.0483 -0.5642 0.8254 0.0191 -1.7992
2018-11-27 21:22:06,951 tracker_1 0.8251 0.5630 -0.0471 0.5143 -0.0492 -0.0114 -0.9987 -1.0488 -0.5628 0.8264 0.0183 -1.7995
2018-11-27 21:22:06,987 tracker_1 0.8256 0.5623 -0.0473 0.5145 -0.0502 -0.0103 -0.9987 -1.0492 -0.5620 0.8269 0.0197 -1.8005
2018-11-27 21:22:07,020 tracker_1 0.8256 0.5623 -0.0477 0.5141 -0.0519 -0.0084 -0.9986 -1.0496 -0.5619 0.8269 0.0222 -1.8014
2018-11-27 21:22:07,055 tracker_1 0.8255 0.5624 -0.0463 0.5132 -0.0506 -0.0080 -0.9987 -1.0499 -0.5621 0.8268 0.0219 -1.8012
2018-11-27 21:22:07,090 tracker_1 0.8255 0.5626 -0.0450 0.5124 -0.0492 -0.0077 -0.9988 -1.0499 -0.5623 0.8267 0.0213 -1.8010
2018-11-27 21:22:07,126 tracker_1 0.8256 0.5625 -0.0445 0.5118 -0.0491 -0.0070 -0.9988 -1.0502 -0.5621 0.8268 0.0219 -1.8014
2018-11-27 21:22:07,161 tracker_1 0.8257 0.5625 -0.0439 0.5112 -0.0490 -0.0060 -0.9988 -1.0507 -0.5621 0.8268 0.0226 -1.8020
2018-11-27 21:22:07,196 tracker_1 0.8256 0.5626 -0.0433 0.5104 -0.0489 -0.0051 -0.9988 -1.0506 -0.5621 0.8267 0.0233 -1.8027
2018-11-27 21:22:07,231 tracker_1 0.8257 0.5625 -0.0424 0.5094 -0.0482 -0.0046 -0.9988 -1.0509 -0.5621 0.8268 0.0233 -1.8033
2018-11-27 21:22:07,265 tracker_1 0.8258 0.5624 -0.0419 0.5089 -0.0483 -0.0035 -0.9988 -1.0514 -0.5619 0.8268 0.0242 -1.8045
2018-11-27 21:22:07,300 tracker_1 0.8259 0.5623 -0.0412 0.5078 -0.0485 -0.0019 -0.9988 -1.0519 -0.5617 0.8269 0.0257 -1.8060
2018-11-27 21:22:07,336 tracker_1 0.8260 0.5623 -0.0397 0.5066 -0.0477 -0.0004 -0.9989 -1.0524 -0.5616 0.8270 0.0265 -1.8070
2018-11-27 21:22:07,370 tracker_1 0.8261 0.5622 -0.0387 0.5058 -0.0471 0.0006 -0.9989 -1.0528 -0.5616 0.8270 0.0270 -1.8078
2018-11-27 21:22:07,405 tracker_1 0.8261 0.5622 -0.0388 0.5052 -0.0477 0.0011 -0.9989 -1.0532 -0.5615 0.8270 0.0277 -1.8083
2018-11-27 21:22:07,439 tracker_1 0.8259 0.5625 -0.0384 0.5050 -0.0479 0.0021 -0.9989 -1.0533 -0.5618 0.8268 0.0287 -1.8088
2018-11-27 21:22:07,476 tracker_1 0.8258 0.5626 -0.0387 0.5051 -0.0474 0.0010 -0.9989 -1.0532 -0.5620 0.8267 0.0275 -1.8084
2018-11-27 21:22:07,509 tracker_1 0.8258 0.5626 -0.0392 0.5050 -0.0477 0.0004 -0.9989 -1.0532 -0.5619 0.8267 0.0272 -1.8084
2018-11-27 21:22:07,543 tracker_1 0.8258 0.5627 -0.0383 0.5044 -0.0481 0.0026 -0.9988 -1.0534 -0.5619 0.8267 0.0292 -1.8092
2018-11-27 21:22:07,579 tracker_1 0.8259 0.5626 -0.0369 0.5038 -0.0469 0.0034 -0.9989 -1.0535 -0.5618 0.8267 0.0292 -1.8094
2018-11-27 21:22:07,613 tracker_1 0.8259 0.5626 -0.0378 0.5044 -0.0469 0.0017 -0.9989 -1.0537 -0.5619 0.8267 0.0278 -1.8089
2018-11-27 21:22:07,648 tracker_1 0.8259 0.5624 -0.0385 0.5047 -0.0475 0.0014 -0.9989 -1.0538 -0.5618 0.8268 0.0278 -1.8089
2018-11-27 21:22:07,684 tracker_1 0.8261 0.5622 -0.0376 0.5046 -0.0474 0.0028 -0.9989 -1.0534 -0.5615 0.8270 0.0289 -1.8092
2018-11-27 21:22:07,718 tracker_1 0.8264 0.5619 -0.0379 0.5048 -0.0471 0.0018 -0.9989 -1.0535 -0.5612 0.8272 0.0279 -1.8091
2018-11-27 21:22:07,755 tracker_1 0.8262 0.5620 -0.0382 0.5050 -0.0474 0.0018 -0.9989 -1.0534 -0.5613 0.8271 0.0281 -1.8091
2018-11-27 21:22:07,789 tracker_1 0.8262 0.5621 -0.0376 0.5047 -0.0470 0.0023 -0.9989 -1.0536 -0.5614 0.8271 0.0283 -1.8092
2018-11-27 21:22:07,824 tracker_1 0.8263 0.5620 -0.0366 0.5044 -0.0459 0.0024 -0.9989 -1.0536 -0.5613 0.8271 0.0278 -1.8092
2018-11-27 21:22:07,860 tracker_1 0.8264 0.5619 -0.0365 0.5042 -0.0460 0.0027 -0.9989 -1.0538 -0.5612 0.8272 0.0281 -1.8097
2018-11-27 21:22:07,894 tracker_1 0.8265 0.5618 -0.0369 0.5040 -0.0469 0.0034 -0.9989 -1.0537 -0.5610 0.8273 0.0292 -1.8100
2018-11-27 21:22:07,928 tracker_1 0.8265 0.5618 -0.0361 0.5037 -0.0462 0.0037 -0.9989 -1.0538 -0.5610 0.8273 0.0290 -1.8098
2018-11-27 21:22:07,963 tracker_1 0.8265 0.5618 -0.0364 0.5037 -0.0461 0.0031 -0.9989 -1.0537 -0.5611 0.8273 0.0285 -1.8094
2018-11-27 21:22:07,998 tracker_1 0.8264 0.5618 -0.0371 0.5040 -0.0469 0.0030 -0.9989 -1.0539 -0.5611 0.8272 0.0289 -1.8095
2018-11-27 21:22:08,033 tracker_1 0.8264 0.5619 -0.0373 0.5040 -0.0471 0.0029 -0.9989 -1.0538 -0.5612 0.8272 0.0289 -1.8096
2018-11-27 21:22:08,068 tracker_1 0.8264 0.5619 -0.0368 0.5037 -0.0467 0.0033 -0.9989 -1.0537 -0.5612 0.8272 0.0289 -1.8095
2018-11-27 21:22:08,102 tracker_1 0.8263 0.5620 -0.0372 0.5041 -0.0470 0.0031 -0.9989 -1.0534 -0.5612 0.8271 0.0290 -1.8093
2018-11-27 21:22:08,137 tracker_1 0.8263 0.5619 -0.0385 0.5050 -0.0478 0.0019 -0.9989 -1.0533 -0.5612 0.8272 0.0284 -1.8093
2018-11-27 21:22:08,172 tracker_1 0.8265 0.5616 -0.0385 0.5053 -0.0475 0.0014 -0.9989 -1.0534 -0.5610 0.8274 0.0279 -1.8094
2018-11-27 21:22:08,208 tracker_1 0.8266 0.5616 -0.0382 0.5051 -0.0474 0.0017 -0.9989 -1.0535 -0.5609 0.8274 0.0281 -1.8097
2018-11-27 21:22:08,242 tracker_1 0.8265 0.5617 -0.0372 0.5046 -0.0467 0.0025 -0.9989 -1.0536 -0.5610 0.8273 0.0284 -1.8099
2018-11-27 21:22:08,277 tracker_1 0.8266 0.5615 -0.0369 0.5043 -0.0464 0.0027 -0.9989 -1.0538 -0.5608 0.8275 0.0282 -1.8099
2018-11-27 21:22:08,312 tracker_1 0.8267 0.5615 -0.0368 0.5042 -0.0461 0.0024 -0.9989 -1.0539 -0.5608 0.8275 0.0279 -1.8099
2018-11-27 21:22:08,347 tracker_1 0.8267 0.5615 -0.0360 0.5037 -0.0460 0.0037 -0.9989 -1.0540 -0.5608 0.8275 0.0289 -1.8103
2018-11-27 21:22:08,382 tracker_1 0.8265 0.5619 -0.0353 0.5034 -0.0458 0.0045 -0.9989 -1.0542 -0.5611 0.8272 0.0295 -1.8105
2018-11-27 21:22:08,417 tracker_1 0.8263 0.5621 -0.0359 0.5035 -0.0460 0.0039 -0.9989 -1.0543 -0.5614 0.8270 0.0291 -1.8104
2018-11-27 21:22:08,454 tracker_1 0.8262 0.5622 -0.0370 0.5038 -0.0467 0.0030 -0.9989 -1.0541 -0.5615 0.8270 0.0287 -1.8102
2018-11-27 21:22:08,486 tracker_1 0.8261 0.5623 -0.0370 0.5035 -0.0473 0.0037 -0.9989 -1.0544 -0.5615 0.8269 0.0297 -1.8107
2018-11-27 21:22:08,521 tracker_1 0.8263 0.5621 -0.0355 0.5029 -0.0466 0.0054 -0.9989 -1.0544 -0.5613 0.8270 0.0307 -1.8114
2018-11-27 21:22:08,556 tracker_1 0.8263 0.5621 -0.0354 0.5031 -0.0463 0.0050 -0.9989 -1.0544 -0.5613 0.8271 0.0301 -1.8112
2018-11-27 21:22:08,591 tracker_1 0.8263 0.5621 -0.0369 0.5039 -0.0467 0.0031 -0.9989 -1.0542 -0.5613 0.8271 0.0289 -1.8104
2018-11-27 21:22:08,626 tracker_1 0.8263 0.5621 -0.0368 0.5039 -0.0467 0.0032 -0.9989 -1.0542 -0.5613 0.8271 0.0289 -1.8103
2018-11-27 21:22:08,661 tracker_1 0.8263 0.5621 -0.0359 0.5037 -0.0458 0.0035 -0.9989 -1.0540 -0.5614 0.8271 0.0286 -1.8100
2018-11-27 21:22:08,695 tracker_1 0.8265 0.5618 -0.0362 0.5038 -0.0459 0.0031 -0.9989 -1.0543 -0.5611 0.8273 0.0283 -1.8102
2018-11-27 21:22:08,730 tracker_1 0.8265 0.5618 -0.0369 0.5038 -0.0469 0.0035 -0.9989 -1.0544 -0.5610 0.8273 0.0292 -1.8108
2018-11-27 21:22:08,765 tracker_1 0.8266 0.5616 -0.0364 0.5033 -0.0468 0.0042 -0.9989 -1.0546 -0.5609 0.8274 0.0298 -1.8112
2018-11-27 21:22:08,805 tracker_1 0.8266 0.5616 -0.0355 0.5027 -0.0463 0.0050 -0.9989 -1.0546 -0.5609 0.8274 0.0301 -1.8117
2018-11-27 21:22:08,835 tracker_1 0.8265 0.5618 -0.0350 0.5027 -0.0462 0.0058 -0.9989 -1.0544 -0.5610 0.8272 0.0308 -1.8118
2018-11-27 21:22:08,870 tracker_1 0.8265 0.5618 -0.0362 0.5036 -0.0463 0.0037 -0.9989 -1.0542 -0.5611 0.8272 0.0290 -1.8114
2018-11-27 21:22:08,905 tracker_1 0.8263 0.5620 -0.0372 0.5036 -0.0467 0.0025 -0.9989 -1.0542 -0.5613 0.8272 0.0283 -1.8113
2018-11-27 21:22:08,940 tracker_1 0.8263 0.5620 -0.0367 0.5034 -0.0476 0.0048 -0.9989 -1.0541 -0.5612 0.8271 0.0307 -1.8125
2018-11-27 21:22:08,976 tracker_1 0.8263 0.5621 -0.0353 0.5030 -0.0464 0.0054 -0.9989 -1.0542 -0.5613 0.8270 0.0306 -1.8129
2018-11-27 21:22:09,010 tracker_1 0.8260 0.5625 -0.0356 0.5031 -0.0456 0.0037 -0.9990 -1.0542 -0.5618 0.8268 0.0288 -1.8124
2018-11-27 21:22:09,045 tracker_1 0.8258 0.5629 -0.0360 0.5032 -0.0463 0.0040 -0.9989 -1.0545 -0.5621 0.8265 0.0294 -1.8131
2018-11-27 21:22:09,080 tracker_1 0.8256 0.5631 -0.0355 0.5028 -0.0463 0.0048 -0.9989 -1.0545 -0.5623 0.8264 0.0300 -1.8137
2018-11-27 21:22:09,115 tracker_1 0.8255 0.5633 -0.0345 0.5023 -0.0452 0.0050 -0.9990 -1.0547 -0.5625 0.8262 0.0296 -1.8136
2018-11-27 21:22:09,150 tracker_1 0.8252 0.5638 -0.0344 0.5021 -0.0451 0.0050 -0.9990 -1.0546 -0.5630 0.8259 0.0295 -1.8140
2018-11-27 21:22:09,185 tracker_1 0.8248 0.5643 -0.0344 0.5020 -0.0451 0.0050 -0.9990 -1.0544 -0.5636 0.8255 0.0296 -1.8143
2018-11-27 21:22:09,222 tracker_1 0.8246 0.5646 -0.0348 0.5019 -0.0450 0.0041 -0.9990 -1.0543 -0.5639 0.8254 0.0288 -1.8144
2018-11-27 21:22:09,255 tracker_1 0.8242 0.5652 -0.0344 0.5014 -0.0447 0.0043 -0.9990 -1.0542 -0.5645 0.8249 0.0288 -1.8148
2018-11-27 21:22:09,290 tracker_1 0.8240 0.5656 -0.0342 0.5006 -0.0449 0.0051 -0.9990 -1.0542 -0.5649 0.8247 0.0296 -1.8156
2018-11-27 21:22:09,329 tracker_1 0.8240 0.5656 -0.0338 0.5001 -0.0449 0.0056 -0.9990 -1.0542 -0.5648 0.8247 0.0300 -1.8164
2018-11-27 21:22:09,359 tracker_1 0.8243 0.5652 -0.0338 0.4997 -0.0446 0.0053 -0.9990 -1.0543 -0.5645 0.8249 0.0296 -1.8171
2018-11-27 21:22:09,394 tracker_1 0.8247 0.5646 -0.0349 0.4997 -0.0459 0.0054 -0.9989 -1.0544 -0.5638 0.8254 0.0304 -1.8183
2018-11-27 21:22:09,429 tracker_1 0.8248 0.5643 -0.0345 0.4994 -0.0460 0.0062 -0.9989 -1.0548 -0.5635 0.8255 0.0310 -1.8191
2018-11-27 21:22:09,465 tracker_1 0.8249 0.5642 -0.0339 0.4995 -0.0450 0.0057 -0.9990 -1.0547 -0.5634 0.8256 0.0301 -1.8189
2018-11-27 21:22:09,500 tracker_1 0.8249 0.5643 -0.0342 0.4994 -0.0449 0.0051 -0.9990 -1.0547 -0.5635 0.8256 0.0295 -1.8188
2018-11-27 21:22:09,535 tracker_1 0.8249 0.5642 -0.0347 0.4995 -0.0455 0.0051 -0.9990 -1.0548 -0.5634 0.8256 0.0298 -1.8190
2018-11-27 21:22:09,574 tracker_1 0.8253 0.5637 -0.0345 0.4991 -0.0450 0.0048 -0.9990 -1.0545 -0.5629 0.8260 0.0293 -1.8189
2018-11-27 21:22:09,607 tracker_1 0.8257 0.5631 -0.0345 0.4990 -0.0451 0.0049 -0.9990 -1.0546 -0.5624 0.8264 0.0295 -1.8194
2018-11-27 21:22:09,643 tracker_1 0.8260 0.5626 -0.0346 0.4986 -0.0456 0.0055 -0.9989 -1.0547 -0.5618 0.8267 0.0302 -1.8203
2018-11-27 21:22:09,677 tracker_1 0.8262 0.5623 -0.0346 0.4980 -0.0460 0.0062 -0.9989 -1.0548 -0.5615 0.8269 0.0309 -1.8208
2018-11-27 21:22:09,712 tracker_1 0.8264 0.5620 -0.0340 0.4976 -0.0456 0.0065 -0.9989 -1.0550 -0.5612 0.8271 0.0310 -1.8212
2018-11-27 21:22:09,747 tracker_1 0.8263 0.5622 -0.0343 0.4975 -0.0458 0.0064 -0.9989 -1.0547 -0.5614 0.8270 0.0310 -1.8213
2018-11-27 21:22:09,781 tracker_1 0.8263 0.5622 -0.0349 0.4977 -0.0463 0.0059 -0.9989 -1.0546 -0.5614 0.8270 0.0309 -1.8215
2018-11-27 21:22:09,816 tracker_1 0.8263 0.5622 -0.0354 0.4977 -0.0465 0.0055 -0.9989 -1.0547 -0.5613 0.8270 0.0307 -1.8216
2018-11-27 21:22:09,851 tracker_1 0.8264 0.5620 -0.0348 0.4974 -0.0462 0.0061 -0.9989 -1.0548 -0.5612 0.8271 0.0310 -1.8220
2018-11-27 21:22:09,886 tracker_1 0.8266 0.5617 -0.0344 0.4973 -0.0460 0.0065 -0.9989 -1.0547 -0.5609 0.8273 0.0312 -1.8223
2018-11-27 21:22:09,920 tracker_1 0.8266 0.5617 -0.0350 0.4976 -0.0463 0.0060 -0.9989 -1.0547 -0.5609 0.8273 0.0309 -1.8219
2018-11-27 21:22:09,955 tracker_1 0.8267 0.5616 -0.0355 0.4979 -0.0466 0.0054 -0.9989 -1.0548 -0.5608 0.8274 0.0306 -1.8218
2018-11-27 21:22:09,990 tracker_1 0.8267 0.5615 -0.0356 0.4980 -0.0467 0.0055 -0.9989 -1.0547 -0.5607 0.8274 0.0307 -1.8218
2018-11-27 21:22:10,026 tracker_1 0.8268 0.5614 -0.0354 0.4981 -0.0465 0.0055 -0.9989 -1.0546 -0.5606 0.8275 0.0307 -1.8216
2018-11-27 21:22:10,061 tracker_1 0.8270 0.5611 -0.0357 0.4983 -0.0464 0.0050 -0.9989 -1.0545 -0.5603 0.8278 0.0302 -1.8214
2018-11-27 21:22:10,096 tracker_1 0.8273 0.5606 -0.0360 0.4987 -0.0465 0.0045 -0.9989 -1.0544 -0.5599 0.8280 0.0298 -1.8213
2018-11-27 21:22:10,131 tracker_1 0.8274 0.5605 -0.0352 0.4987 -0.0460 0.0050 -0.9989 -1.0542 -0.5598 0.8281 0.0299 -1.8213
2018-11-27 21:22:10,166 tracker_1 0.8273 0.5607 -0.0351 0.4988 -0.0457 0.0049 -0.9989 -1.0540 -0.5600 0.8280 0.0297 -1.8211
2018-11-27 21:22:10,201 tracker_1 0.8272 0.5608 -0.0360 0.4994 -0.0460 0.0038 -0.9989 -1.0537 -0.5600 0.8280 0.0290 -1.8209
2018-11-27 21:22:10,235 tracker_1 0.8273 0.5606 -0.0365 0.4997 -0.0463 0.0032 -0.9989 -1.0536 -0.5599 0.8281 0.0286 -1.8209
2018-11-27 21:22:10,269 tracker_1 0.8275 0.5603 -0.0361 0.4993 -0.0461 0.0038 -0.9989 -1.0535 -0.5596 0.8283 0.0290 -1.8213
2018-11-27 21:22:10,305 tracker_1 0.8279 0.5598 -0.0353 0.4987 -0.0459 0.0050 -0.9989 -1.0535 -0.5591 0.8286 0.0298 -1.8220
2018-11-27 21:22:10,339 tracker_1 0.8282 0.5594 -0.0344 0.4983 -0.0457 0.0061 -0.9989 -1.0537 -0.5586 0.8289 0.0306 -1.8230
2018-11-27 21:22:10,376 tracker_1 0.8285 0.5590 -0.0340 0.4982 -0.0453 0.0064 -0.9990 -1.0536 -0.5582 0.8292 0.0306 -1.8235
2018-11-27 21:22:10,410 tracker_1 0.8287 0.5586 -0.0348 0.4983 -0.0455 0.0054 -0.9989 -1.0535 -0.5578 0.8294 0.0299 -1.8238
2018-11-27 21:22:10,445 tracker_1 0.8290 0.5582 -0.0351 0.4982 -0.0459 0.0052 -0.9989 -1.0534 -0.5574 0.8297 0.0299 -1.8244
2018-11-27 21:22:10,480 tracker_1 0.8294 0.5577 -0.0335 0.4974 -0.0452 0.0071 -0.9990 -1.0532 -0.5569 0.8300 0.0310 -1.8254
2018-11-27 21:22:10,514 tracker_1 0.8300 0.5568 -0.0324 0.4973 -0.0441 0.0077 -0.9990 -1.0531 -0.5560 0.8306 0.0310 -1.8262
2018-11-27 21:22:10,550 tracker_1 0.8306 0.5558 -0.0347 0.4983 -0.0454 0.0055 -0.9990 -1.0529 -0.5550 0.8313 0.0298 -1.8264
2018-11-27 21:22:10,586 tracker_1 0.8309 0.5552 -0.0359 0.4990 -0.0465 0.0050 -0.9989 -1.0529 -0.5544 0.8317 0.0300 -1.8269
2018-11-27 21:22:10,620 tracker_1 0.8290 0.5576 -0.0419 0.5024 -0.0525 0.0031 -0.9986 -1.0534 -0.5567 0.8301 0.0319 -1.8284
2018-11-27 21:22:10,657 tracker_1 0.8292 0.5575 -0.0389 0.5016 -0.0495 0.0041 -0.9988 -1.0532 -0.5567 0.8301 0.0310 -1.8279
2018-11-27 21:22:10,692 tracker_1 0.8291 0.5578 -0.0372 0.5008 -0.0474 0.0039 -0.9989 -1.0528 -0.5570 0.8300 0.0296 -1.8266
2018-11-27 21:22:10,727 tracker_1 0.8281 0.5593 -0.0388 0.5005 -0.0486 0.0027 -0.9988 -1.0529 -0.5585 0.8290 0.0294 -1.8254
2018-11-27 21:22:10,762 tracker_1 0.8278 0.5596 -0.0394 0.5000 -0.0489 0.0020 -0.9988 -1.0525 -0.5588 0.8288 0.0290 -1.8238
2018-11-27 21:22:10,797 tracker_1 0.8281 0.5592 -0.0393 0.4998 -0.0484 0.0014 -0.9988 -1.0515 -0.5585 0.8291 0.0282 -1.8217
2018-11-27 21:22:10,832 tracker_1 0.8282 0.5590 -0.0395 0.5003 -0.0486 0.0014 -0.9988 -1.0523 -0.5583 0.8291 0.0284 -1.8227
2018-11-27 21:22:10,866 tracker_1 0.8277 0.5596 -0.0413 0.5007 -0.0504 0.0007 -0.9987 -1.0515 -0.5589 0.8288 0.0288 -1.8219
2018-11-27 21:22:10,901 tracker_1 0.8280 0.5592 -0.0412 0.5011 -0.0502 0.0007 -0.9987 -1.0512 -0.5584 0.8290 0.0287 -1.8212
2018-11-27 21:22:10,936 tracker_1 0.8285 0.5585 -0.0415 0.5020 -0.0495 -0.0007 -0.9988 -1.0507 -0.5578 0.8295 0.0271 -1.8201
2018-11-27 21:22:10,970 tracker_1 0.8294 0.5572 -0.0416 0.5030 -0.0489 -0.0019 -0.9988 -1.0503 -0.5566 0.8304 0.0257 -1.8194
2018-11-27 21:22:11,004 tracker_1 0.8304 0.5556 -0.0418 0.5044 -0.0488 -0.0022 -0.9988 -1.0512 -0.5550 0.8315 0.0253 -1.8209
2018-11-27 21:22:11,039 tracker_1 0.8314 0.5541 -0.0420 0.5052 -0.0485 -0.0029 -0.9988 -1.0511 -0.5536 0.8324 0.0244 -1.8212
2018-11-27 21:22:11,074 tracker_1 0.8324 0.5527 -0.0413 0.5059 -0.0473 -0.0034 -0.9989 -1.0509 -0.5522 0.8334 0.0233 -1.8213
2018-11-27 21:22:11,109 tracker_1 0.8329 0.5520 -0.0407 0.5064 -0.0468 -0.0031 -0.9989 -1.0507 -0.5515 0.8339 0.0233 -1.8215
2018-11-27 21:22:11,144 tracker_1 0.8331 0.5516 -0.0403 0.5065 -0.0462 -0.0032 -0.9989 -1.0504 -0.5511 0.8341 0.0229 -1.8211
2018-11-27 21:22:11,179 tracker_1 0.8330 0.5517 -0.0406 0.5067 -0.0462 -0.0037 -0.9989 -1.0503 -0.5513 0.8340 0.0224 -1.8209
2018-11-27 21:22:11,215 tracker_1 0.8327 0.5522 -0.0404 0.5065 -0.0461 -0.0037 -0.9989 -1.0503 -0.5518 0.8337 0.0224 -1.8207
2018-11-27 21:22:11,249 tracker_1 0.8323 0.5528 -0.0408 0.5064 -0.0461 -0.0043 -0.9989 -1.0501 -0.5524 0.8333 0.0219 -1.8201
2018-11-27 21:22:11,284 tracker_1 0.8322 0.5530 -0.0403 0.5060 -0.0454 -0.0044 -0.9990 -1.0501 -0.5526 0.8332 0.0215 -1.8202
2018-11-27 21:22:11,318 tracker_1 0.8322 0.5531 -0.0398 0.5053 -0.0455 -0.0033 -0.9990 -1.0500 -0.5526 0.8331 0.0225 -1.8210
2018-11-27 21:22:11,354 tracker_1 0.8321 0.5532 -0.0396 0.5048 -0.0459 -0.0026 -0.9989 -1.0502 -0.5527 0.8331 0.0232 -1.8217
2018-11-27 21:22:11,388 tracker_1 0.8324 0.5528 -0.0393 0.5042 -0.0453 -0.0027 -0.9990 -1.0502 -0.5523 0.8333 0.0228 -1.8222
2018-11-27 21:22:11,423 tracker_1 0.8329 0.5521 -0.0382 0.5038 -0.0448 -0.0015 -0.9990 -1.0502 -0.5516 0.8338 0.0235 -1.8231
2018-11-27 21:22:11,458 tracker_1 0.8333 0.5515 -0.0377 0.5042 -0.0445 -0.0011 -0.9990 -1.0498 -0.5510 0.8342 0.0236 -1.8232
2018-11-27 21:22:11,495 tracker_1 0.8337 0.5509 -0.0394 0.5057 -0.0443 -0.0044 -0.9990 -1.0495 -0.5505 0.8346 0.0207 -1.8217
2018-11-27 21:22:11,529 tracker_1 0.8338 0.5505 -0.0418 0.5075 -0.0456 -0.0069 -0.9989 -1.0488 -0.5502 0.8348 0.0194 -1.8204
2018-11-27 21:22:11,564 tracker_1 0.8336 0.5506 -0.0433 0.5096 -0.0468 -0.0077 -0.9989 -1.0482 -0.5503 0.8347 0.0194 -1.8197
2018-11-27 21:22:11,598 tracker_1 0.8342 0.5497 -0.0433 0.5108 -0.0459 -0.0090 -0.9989 -1.0470 -0.5495 0.8353 0.0177 -1.8176
2018-11-27 21:22:11,633 tracker_1 0.8346 0.5490 -0.0455 0.5125 -0.0462 -0.0124 -0.9989 -1.0463 -0.5490 0.8357 0.0150 -1.8156
2018-11-27 21:22:11,668 tracker_1 0.8351 0.5480 -0.0474 0.5137 -0.0472 -0.0145 -0.9988 -1.0455 -0.5481 0.8363 0.0138 -1.8144
2018-11-27 21:22:11,707 tracker_1 0.8364 0.5460 -0.0478 0.5148 -0.0478 -0.0143 -0.9988 -1.0443 -0.5460 0.8377 0.0142 -1.8141
2018-11-27 21:22:11,739 tracker_1 0.8385 0.5428 -0.0486 0.5156 -0.0470 -0.0169 -0.9988 -1.0430 -0.5429 0.8397 0.0113 -1.8132
2018-11-27 21:22:11,774 tracker_1 0.8408 0.5390 -0.0499 0.5172 -0.0461 -0.0204 -0.9987 -1.0416 -0.5393 0.8421 0.0077 -1.8121
2018-11-27 21:22:11,809 tracker_1 0.8433 0.5347 -0.0544 0.5200 -0.0467 -0.0278 -0.9985 -1.0397 -0.5354 0.8446 0.0015 -1.8105
2018-11-27 21:22:11,844 tracker_1 0.8462 0.5293 -0.0616 0.5238 -0.0480 -0.0394 -0.9981 -1.0373 -0.5307 0.8475 -0.0079 -1.8083
2018-11-27 21:22:11,879 tracker_1 0.8498 0.5227 -0.0674 0.5272 -0.0503 -0.0469 -0.9976 -1.0344 -0.5246 0.8512 -0.0136 -1.8083
2018-11-27 21:22:11,916 tracker_1 0.8544 0.5142 -0.0748 0.5302 -0.0543 -0.0548 -0.9970 -1.0320 -0.5168 0.8559 -0.0189 -1.8099
2018-11-27 21:22:11,947 tracker_1 0.8598 0.5050 -0.0754 0.5318 -0.0534 -0.0580 -0.9969 -1.0298 -0.5078 0.8612 -0.0229 -1.8112
2018-11-27 21:22:11,983 tracker_1 0.8658 0.4948 -0.0749 0.5337 -0.0519 -0.0601 -0.9968 -1.0276 -0.4978 0.8669 -0.0263 -1.8138
2018-11-27 21:22:12,018 tracker_1 0.8709 0.4852 -0.0777 0.5366 -0.0560 -0.0592 -0.9967 -1.0251 -0.4882 0.8724 -0.0244 -1.8178
2018-11-27 21:22:12,053 tracker_1 0.8756 0.4761 -0.0813 0.5393 -0.0593 -0.0611 -0.9964 -1.0234 -0.4794 0.8772 -0.0253 -1.8219
2018-11-27 21:22:12,087 tracker_1 0.8794 0.4685 -0.0851 0.5414 -0.0632 -0.0622 -0.9961 -1.0229 -0.4720 0.8813 -0.0251 -1.8262
2018-11-27 21:22:12,122 tracker_1 0.8825 0.4623 -0.0864 0.5429 -0.0655 -0.0611 -0.9960 -1.0221 -0.4658 0.8846 -0.0236 -1.8302
2018-11-27 21:22:12,158 tracker_1 0.8853 0.4564 -0.0894 0.5457 -0.0674 -0.0645 -0.9956 -1.0203 -0.4601 0.8875 -0.0263 -1.8332
2018-11-27 21:22:12,191 tracker_1 0.8869 0.4515 -0.0979 0.5501 -0.0735 -0.0714 -0.9947 -1.0178 -0.4561 0.8894 -0.0302 -1.8359
2018-11-27 21:22:12,227 tracker_1 0.8887 0.4460 -0.1062 0.5527 -0.0785 -0.0801 -0.9937 -1.0158 -0.4517 0.8914 -0.0361 -1.8374
2018-11-27 21:22:12,265 tracker_1 0.8911 0.4404 -0.1095 0.5526 -0.0782 -0.0886 -0.9930 -1.0142 -0.4470 0.8934 -0.0445 -1.8396
2018-11-27 21:22:12,296 tracker_1 0.8931 0.4362 -0.1102 0.5514 -0.0794 -0.0882 -0.9929 -1.0123 -0.4429 0.8955 -0.0441 -1.8443
2018-11-27 21:22:12,331 tracker_1 0.8949 0.4319 -0.1125 0.5504 -0.0843 -0.0841 -0.9929 -1.0114 -0.4383 0.8980 -0.0389 -1.8512
2018-11-27 21:22:12,366 tracker_1 0.8968 0.4278 -0.1130 0.5481 -0.0856 -0.0830 -0.9929 -1.0112 -0.4342 0.9000 -0.0378 -1.8561
2018-11-27 21:22:12,402 tracker_1 0.8991 0.4238 -0.1096 0.5438 -0.0821 -0.0827 -0.9932 -1.0110 -0.4300 0.9020 -0.0395 -1.8609
2018-11-27 21:22:12,436 tracker_1 0.9005 0.4215 -0.1070 0.5396 -0.0810 -0.0791 -0.9936 -1.0112 -0.4273 0.9034 -0.0370 -1.8673
2018-11-27 21:22:12,471 tracker_1 0.9014 0.4205 -0.1037 0.5349 -0.0800 -0.0735 -0.9941 -1.0122 -0.4256 0.9043 -0.0326 -1.8744
2018-11-27 21:22:12,506 tracker_1 0.9023 0.4195 -0.0993 0.5293 -0.0753 -0.0735 -0.9945 -1.0132 -0.4245 0.9048 -0.0347 -1.8788
2018-11-27 21:22:12,540 tracker_1 0.9030 0.4190 -0.0952 0.5232 -0.0702 -0.0748 -0.9947 -1.0152 -0.4239 0.9049 -0.0382 -1.8847
2018-11-27 21:22:12,578 tracker_1 0.9040 0.4182 -0.0886 0.5151 -0.0662 -0.0679 -0.9955 -1.0168 -0.4224 0.9058 -0.0337 -1.8940
2018-11-27 21:22:12,610 tracker_1 0.9049 0.4184 -0.0777 0.5077 -0.0620 -0.0512 -0.9968 -1.0189 -0.4210 0.9068 -0.0204 -1.9048
2018-11-27 21:22:12,645 tracker_1 0.9052 0.4177 -0.0779 0.5054 -0.0614 -0.0528 -0.9967 -1.0209 -0.4204 0.9070 -0.0222 -1.9082
2018-11-27 21:22:12,680 tracker_1 0.9042 0.4173 -0.0911 0.5076 -0.0681 -0.0695 -0.9952 -1.0221 -0.4217 0.9061 -0.0345 -1.9060
2018-11-27 21:22:12,715 tracker_1 0.9030 0.4185 -0.0974 0.5053 -0.0716 -0.0770 -0.9945 -1.0236 -0.4237 0.9049 -0.0396 -1.9068
2018-11-27 21:22:12,749 tracker_1 0.9022 0.4226 -0.0868 0.4973 -0.0620 -0.0720 -0.9955 -1.0267 -0.4269 0.9035 -0.0388 -1.9106
2018-11-27 21:22:12,784 tracker_1 0.9011 0.4262 -0.0800 0.4903 -0.0585 -0.0633 -0.9963 -1.0290 -0.4296 0.9024 -0.0321 -1.9150
2018-11-27 21:22:12,820 tracker_1 0.9007 0.4271 -0.0790 0.4861 -0.0569 -0.0642 -0.9963 -1.0311 -0.4306 0.9019 -0.0335 -1.9162
2018-11-27 21:22:12,854 tracker_1 0.9004 0.4285 -0.0755 0.4829 -0.0528 -0.0647 -0.9965 -1.0331 -0.4318 0.9012 -0.0356 -1.9181
2018-11-27 21:22:12,890 tracker_1 0.9004 0.4285 -0.0756 0.4813 -0.0551 -0.0601 -0.9967 -1.0349 -0.4316 0.9016 -0.0305 -1.9228
2018-11-27 21:22:12,923 tracker_1 0.9004 0.4280 -0.0780 0.4798 -0.0597 -0.0562 -0.9966 -1.0361 -0.4309 0.9020 -0.0251 -1.9281
2018-11-27 21:22:12,959 tracker_1 0.9011 0.4276 -0.0725 0.4752 -0.0566 -0.0499 -0.9972 -1.0370 -0.4300 0.9026 -0.0207 -1.9329
2018-11-27 21:22:12,996 tracker_1 0.9018 0.4276 -0.0624 0.4691 -0.0498 -0.0406 -0.9979 -1.0388 -0.4293 0.9030 -0.0153 -1.9376
2018-11-27 21:22:13,029 tracker_1 0.9022 0.4275 -0.0578 0.4655 -0.0460 -0.0378 -0.9982 -1.0407 -0.4290 0.9032 -0.0144 -1.9407
2018-11-27 21:22:13,063 tracker_1 0.9021 0.4270 -0.0618 0.4657 -0.0500 -0.0388 -0.9980 -1.0416 -0.4285 0.9034 -0.0137 -1.9434
2018-11-27 21:22:13,098 tracker_1 0.9019 0.4269 -0.0666 0.4661 -0.0562 -0.0368 -0.9977 -1.0425 -0.4284 0.9036 -0.0092 -1.9466
2018-11-27 21:22:13,133 tracker_1 0.9020 0.4268 -0.0641 0.4637 -0.0543 -0.0353 -0.9979 -1.0431 -0.4282 0.9036 -0.0087 -1.9483
2018-11-27 21:22:13,168 tracker_1 0.9025 0.4269 -0.0574 0.4601 -0.0485 -0.0316 -0.9983 -1.0438 -0.4280 0.9037 -0.0078 -1.9496
2018-11-27 21:22:13,204 tracker_1 0.9027 0.4269 -0.0533 0.4582 -0.0456 -0.0283 -0.9986 -1.0440 -0.4278 0.9039 -0.0061 -1.9509
2018-11-27 21:22:13,239 tracker_1 0.9026 0.4266 -0.0573 0.4595 -0.0491 -0.0303 -0.9983 -1.0445 -0.4276 0.9039 -0.0064 -1.9514
2018-11-27 21:22:13,274 tracker_1 0.9023 0.4265 -0.0620 0.4609 -0.0530 -0.0329 -0.9981 -1.0447 -0.4277 0.9039 -0.0070 -1.9514
2018-11-27 21:22:13,309 tracker_1 0.9024 0.4264 -0.0615 0.4605 -0.0534 -0.0308 -0.9981 -1.0449 -0.4275 0.9040 -0.0050 -1.9523
2018-11-27 21:22:13,343 tracker_1 0.9026 0.4266 -0.0572 0.4588 -0.0500 -0.0283 -0.9984 -1.0446 -0.4275 0.9040 -0.0042 -1.9523
2018-11-27 21:22:13,378 tracker_1 0.9028 0.4266 -0.0542 0.4581 -0.0462 -0.0292 -0.9985 -1.0445 -0.4275 0.9040 -0.0066 -1.9508
2018-11-27 21:22:13,413 tracker_1 0.9027 0.4266 -0.0564 0.4600 -0.0475 -0.0314 -0.9984 -1.0435 -0.4277 0.9039 -0.0080 -1.9488
2018-11-27 21:22:13,448 tracker_1 0.9021 0.4270 -0.0618 0.4629 -0.0516 -0.0353 -0.9980 -1.0428 -0.4283 0.9036 -0.0098 -1.9462
2018-11-27 21:22:13,483 tracker_1 0.9024 0.4259 -0.0652 0.4652 -0.0534 -0.0397 -0.9978 -1.0430 -0.4276 0.9039 -0.0131 -1.9434
2018-11-27 21:22:13,518 tracker_1 0.9034 0.4237 -0.0658 0.4660 -0.0543 -0.0392 -0.9978 -1.0433 -0.4253 0.9050 -0.0124 -1.9434
2018-11-27 21:22:13,553 tracker_1 0.9050 0.4208 -0.0628 0.4658 -0.0546 -0.0314 -0.9980 -1.0439 -0.4219 0.9066 -0.0054 -1.9470
2018-11-27 21:22:13,588 tracker_1 0.9065 0.4183 -0.0574 0.4647 -0.0512 -0.0262 -0.9983 -1.0442 -0.4191 0.9079 -0.0023 -1.9481
2018-11-27 21:22:13,623 tracker_1 0.9075 0.4162 -0.0563 0.4658 -0.0483 -0.0296 -0.9984 -1.0445 -0.4172 0.9088 -0.0068 -1.9462
2018-11-27 21:22:13,658 tracker_1 0.9079 0.4147 -0.0607 0.4687 -0.0518 -0.0327 -0.9981 -1.0442 -0.4159 0.9094 -0.0082 -1.9454
2018-11-27 21:22:13,692 tracker_1 0.9074 0.4146 -0.0680 0.4721 -0.0597 -0.0329 -0.9977 -1.0444 -0.4159 0.9094 -0.0051 -1.9459
