2018-11-27 21:21:17,386 START: 30 fps
2018-11-27 21:21:17,387 hmd_1 1.0000 0.0000 0.0000 0.0000 0.0000 1.0000 0.0000 0.0000 0.0000 0.0000 1.0000 0.0000
2018-11-27 21:21:17,387 tracking_reference_1 -0.9934 -0.0375 0.1085 0.1519 0.0187 0.8796 0.4754 -0.0472 -0.1132 0.4743 -0.8730 -4.7742
2018-11-27 21:21:17,388 tracking_reference_2 1.0000 0.0050 -0.0000 0.0000 -0.0041 0.8245 0.5659 0.0000 0.0028 -0.5659 0.8245 0.0000
2018-11-27 21:21:17,388 tracker_1 0.8286 0.5591 -0.0292 0.5453 -0.0449 0.0144 -0.9989 -1.0563 -0.5580 0.8290 0.0371 -1.8116
2018-11-27 21:21:17,388 tracker_1 0.8286 0.5591 -0.0292 0.5453 -0.0449 0.0144 -0.9989 -1.0563 -0.5580 0.8290 0.0371 -1.8116
2018-11-27 21:21:17,423 tracker_1 0.8286 0.5591 -0.0293 0.5455 -0.0451 0.0146 -0.9989 -1.0568 -0.5580 0.8290 0.0373 -1.8120
2018-11-27 21:21:17,459 tracker_1 0.8286 0.5591 -0.0292 0.5455 -0.0450 0.0146 -0.9989 -1.0568 -0.5580 0.8290 0.0372 -1.8118
2018-11-27 21:21:17,493 tracker_1 0.8280 0.5598 -0.0308 0.5450 -0.0464 0.0136 -0.9988 -1.0558 -0.5587 0.8285 0.0372 -1.8110
2018-11-27 21:21:17,527 tracker_1 0.8282 0.5595 -0.0307 0.5454 -0.0462 0.0136 -0.9988 -1.0558 -0.5585 0.8287 0.0371 -1.8110
2018-11-27 21:21:17,563 tracker_1 0.8282 0.5595 -0.0308 0.5455 -0.0464 0.0137 -0.9988 -1.0564 -0.5584 0.8287 0.0374 -1.8118
2018-11-27 21:21:17,598 tracker_1 0.8284 0.5593 -0.0306 0.5458 -0.0462 0.0139 -0.9988 -1.0567 -0.5583 0.8288 0.0374 -1.8124
2018-11-27 21:21:17,631 tracker_1 0.8284 0.5593 -0.0302 0.5457 -0.0459 0.0140 -0.9988 -1.0566 -0.5583 0.8288 0.0373 -1.8123
2018-11-27 21:21:17,666 tracker_1 0.8283 0.5594 -0.0299 0.5456 -0.0457 0.0142 -0.9989 -1.0567 -0.5584 0.8287 0.0374 -1.8126
2018-11-27 21:21:17,705 tracker_1 0.8283 0.5594 -0.0300 0.5456 -0.0457 0.0142 -0.9989 -1.0566 -0.5584 0.8288 0.0373 -1.8127
2018-11-27 21:21:17,735 tracker_1 0.8276 0.5604 -0.0321 0.5453 -0.0474 0.0127 -0.9988 -1.0554 -0.5593 0.8281 0.0371 -1.8112
2018-11-27 21:21:17,771 tracker_1 0.8277 0.5602 -0.0317 0.5453 -0.0470 0.0129 -0.9988 -1.0554 -0.5591 0.8283 0.0370 -1.8109
2018-11-27 21:21:17,805 tracker_1 0.8278 0.5602 -0.0313 0.5451 -0.0468 0.0133 -0.9988 -1.0555 -0.5591 0.8283 0.0372 -1.8105
2018-11-27 21:21:17,840 tracker_1 0.8277 0.5602 -0.0314 0.5456 -0.0473 0.0140 -0.9988 -1.0566 -0.5591 0.8282 0.0381 -1.8125
2018-11-27 21:21:17,876 tracker_1 0.8278 0.5601 -0.0311 0.5457 -0.0472 0.0142 -0.9988 -1.0566 -0.5590 0.8283 0.0382 -1.8128
2018-11-27 21:21:17,909 tracker_1 0.8281 0.5598 -0.0300 0.5454 -0.0463 0.0149 -0.9988 -1.0565 -0.5587 0.8285 0.0382 -1.8129
2018-11-27 21:21:17,944 tracker_1 0.8284 0.5593 -0.0290 0.5453 -0.0453 0.0154 -0.9989 -1.0562 -0.5582 0.8288 0.0381 -1.8127
2018-11-27 21:21:17,979 tracker_1 0.8293 0.5581 -0.0274 0.5455 -0.0434 0.0154 -0.9989 -1.0559 -0.5571 0.8296 0.0370 -1.8123
2018-11-27 21:21:18,014 tracker_1 0.8302 0.5567 -0.0287 0.5467 -0.0435 0.0134 -0.9990 -1.0556 -0.5557 0.8306 0.0353 -1.8120
2018-11-27 21:21:18,049 tracker_1 0.8307 0.5558 -0.0308 0.5481 -0.0450 0.0119 -0.9989 -1.0555 -0.5549 0.8312 0.0349 -1.8123
2018-11-27 21:21:18,087 tracker_1 0.8307 0.5558 -0.0322 0.5487 -0.0466 0.0119 -0.9988 -1.0556 -0.5548 0.8312 0.0358 -1.8126
2018-11-27 21:21:18,121 tracker_1 0.8304 0.5563 -0.0317 0.5482 -0.0464 0.0123 -0.9988 -1.0556 -0.5552 0.8309 0.0360 -1.8126
2018-11-27 21:21:18,155 tracker_1 0.8306 0.5561 -0.0293 0.5473 -0.0444 0.0137 -0.9989 -1.0558 -0.5551 0.8310 0.0361 -1.8128
2018-11-27 21:21:18,190 tracker_1 0.8305 0.5562 -0.0283 0.5468 -0.0435 0.0142 -0.9990 -1.0557 -0.5553 0.8309 0.0360 -1.8127
2018-11-27 21:21:18,226 tracker_1 0.8307 0.5560 -0.0282 0.5469 -0.0435 0.0144 -0.9989 -1.0557 -0.5550 0.8311 0.0362 -1.8127
2018-11-27 21:21:18,260 tracker_1 0.8308 0.5558 -0.0285 0.5469 -0.0439 0.0145 -0.9989 -1.0555 -0.5548 0.8312 0.0365 -1.8127
2018-11-27 21:21:18,294 tracker_1 0.8309 0.5557 -0.0278 0.5463 -0.0436 0.0153 -0.9989 -1.0556 -0.5547 0.8312 0.0369 -1.8131
2018-11-27 21:21:18,329 tracker_1 0.8308 0.5559 -0.0277 0.5463 -0.0442 0.0163 -0.9989 -1.0556 -0.5548 0.8311 0.0381 -1.8139
2018-11-27 21:21:18,366 tracker_1 0.8309 0.5557 -0.0273 0.5460 -0.0438 0.0165 -0.9989 -1.0556 -0.5547 0.8312 0.0381 -1.8139
2018-11-27 21:21:18,400 tracker_1 0.8311 0.5554 -0.0277 0.5462 -0.0439 0.0158 -0.9989 -1.0556 -0.5543 0.8315 0.0375 -1.8140
2018-11-27 21:21:18,435 tracker_1 0.8314 0.5551 -0.0271 0.5460 -0.0432 0.0158 -0.9989 -1.0554 -0.5540 0.8317 0.0371 -1.8139
2018-11-27 21:21:18,469 tracker_1 0.8315 0.5549 -0.0272 0.5459 -0.0435 0.0161 -0.9989 -1.0553 -0.5539 0.8317 0.0375 -1.8141
2018-11-27 21:21:18,505 tracker_1 0.8315 0.5548 -0.0273 0.5463 -0.0434 0.0158 -0.9989 -1.0555 -0.5538 0.8318 0.0372 -1.8143
2018-11-27 21:21:18,539 tracker_1 0.8315 0.5548 -0.0276 0.5464 -0.0433 0.0151 -0.9989 -1.0555 -0.5538 0.8319 0.0366 -1.8139
2018-11-27 21:21:18,574 tracker_1 0.8315 0.5549 -0.0279 0.5463 -0.0438 0.0154 -0.9989 -1.0557 -0.5538 0.8318 0.0371 -1.8141
2018-11-27 21:21:18,609 tracker_1 0.8315 0.5549 -0.0269 0.5461 -0.0432 0.0163 -0.9989 -1.0559 -0.5538 0.8318 0.0376 -1.8142
2018-11-27 21:21:18,644 tracker_1 0.8315 0.5548 -0.0267 0.5459 -0.0429 0.0162 -0.9989 -1.0559 -0.5538 0.8318 0.0372 -1.8141
2018-11-27 21:21:18,679 tracker_1 0.8316 0.5547 -0.0270 0.5462 -0.0429 0.0158 -0.9990 -1.0558 -0.5537 0.8319 0.0370 -1.8141
2018-11-27 21:21:18,714 tracker_1 0.8315 0.5549 -0.0282 0.5464 -0.0438 0.0150 -0.9989 -1.0554 -0.5538 0.8318 0.0368 -1.8136
2018-11-27 21:21:18,749 tracker_1 0.8316 0.5547 -0.0281 0.5466 -0.0436 0.0149 -0.9989 -1.0557 -0.5537 0.8319 0.0366 -1.8135
2018-11-27 21:21:18,790 tracker_1 0.8318 0.5544 -0.0278 0.5469 -0.0429 0.0142 -0.9990 -1.0558 -0.5534 0.8322 0.0356 -1.8132
2018-11-27 21:21:18,819 tracker_1 0.8319 0.5542 -0.0276 0.5471 -0.0430 0.0147 -0.9990 -1.0556 -0.5532 0.8323 0.0361 -1.8132
2018-11-27 21:21:18,854 tracker_1 0.8324 0.5534 -0.0276 0.5478 -0.0426 0.0143 -0.9990 -1.0551 -0.5525 0.8328 0.0355 -1.8126
2018-11-27 21:21:18,889 tracker_1 0.8327 0.5529 -0.0308 0.5496 -0.0430 0.0091 -0.9990 -1.0546 -0.5521 0.8332 0.0313 -1.8112
2018-11-27 21:21:18,924 tracker_1 0.8329 0.5525 -0.0324 0.5502 -0.0449 0.0091 -0.9989 -1.0546 -0.5517 0.8334 0.0324 -1.8125
2018-11-27 21:21:18,960 tracker_1 0.8328 0.5527 -0.0314 0.5494 -0.0470 0.0141 -0.9988 -1.0547 -0.5516 0.8332 0.0377 -1.8142
2018-11-27 21:21:18,994 tracker_1 0.8326 0.5530 -0.0295 0.5483 -0.0452 0.0148 -0.9989 -1.0549 -0.5520 0.8330 0.0374 -1.8137
2018-11-27 21:21:19,029 tracker_1 0.8326 0.5532 -0.0273 0.5474 -0.0421 0.0140 -0.9990 -1.0550 -0.5523 0.8329 0.0349 -1.8128
2018-11-27 21:21:19,064 tracker_1 0.8325 0.5534 -0.0267 0.5473 -0.0414 0.0142 -0.9990 -1.0551 -0.5525 0.8328 0.0347 -1.8126
2018-11-27 21:21:19,098 tracker_1 0.8325 0.5533 -0.0281 0.5478 -0.0431 0.0141 -0.9990 -1.0550 -0.5524 0.8328 0.0356 -1.8130
2018-11-27 21:21:19,134 tracker_1 0.8326 0.5532 -0.0279 0.5477 -0.0431 0.0145 -0.9990 -1.0549 -0.5522 0.8329 0.0359 -1.8131
2018-11-27 21:21:19,168 tracker_1 0.8328 0.5530 -0.0268 0.5470 -0.0423 0.0152 -0.9990 -1.0549 -0.5520 0.8330 0.0361 -1.8136
2018-11-27 21:21:19,204 tracker_1 0.8327 0.5532 -0.0258 0.5464 -0.0424 0.0174 -0.9989 -1.0552 -0.5521 0.8329 0.0379 -1.8143
2018-11-27 21:21:19,237 tracker_1 0.8326 0.5533 -0.0267 0.5466 -0.0428 0.0162 -0.9990 -1.0553 -0.5523 0.8328 0.0372 -1.8140
2018-11-27 21:21:19,272 tracker_1 0.8324 0.5534 -0.0280 0.5471 -0.0428 0.0139 -0.9990 -1.0551 -0.5525 0.8328 0.0353 -1.8133
2018-11-27 21:21:19,307 tracker_1 0.8324 0.5535 -0.0280 0.5470 -0.0438 0.0153 -0.9989 -1.0549 -0.5525 0.8327 0.0370 -1.8140
2018-11-27 21:21:19,343 tracker_1 0.8323 0.5537 -0.0259 0.5461 -0.0434 0.0186 -0.9989 -1.0549 -0.5526 0.8325 0.0396 -1.8149
2018-11-27 21:21:19,377 tracker_1 0.8320 0.5543 -0.0248 0.5460 -0.0424 0.0189 -0.9989 -1.0541 -0.5532 0.8321 0.0392 -1.8144
2018-11-27 21:21:19,412 tracker_1 0.8313 0.5552 -0.0249 0.5471 -0.0418 0.0178 -0.9990 -1.0521 -0.5542 0.8315 0.0381 -1.8138
2018-11-27 21:21:19,448 tracker_1 0.8302 0.5567 -0.0282 0.5503 -0.0439 0.0150 -0.9989 -1.0476 -0.5557 0.8305 0.0369 -1.8129
2018-11-27 21:21:19,481 tracker_1 0.8288 0.5577 -0.0444 0.5592 -0.0480 -0.0082 -0.9988 -1.0407 -0.5575 0.8300 0.0199 -1.8066
2018-11-27 21:21:19,516 tracker_1 0.8266 0.5568 -0.0817 0.5749 -0.0588 -0.0589 -0.9965 -1.0327 -0.5597 0.8285 -0.0160 -1.7935
2018-11-27 21:21:19,551 tracker_1 0.8226 0.5543 -0.1268 0.5884 -0.0823 -0.1045 -0.9911 -1.0247 -0.5627 0.8257 -0.0404 -1.7879
2018-11-27 21:21:19,586 tracker_1 0.8202 0.5573 -0.1293 0.5839 -0.0852 -0.1045 -0.9909 -1.0216 -0.5658 0.8237 -0.0382 -1.7956
2018-11-27 21:21:19,622 tracker_1 0.8179 0.5640 -0.1137 0.5702 -0.0802 -0.0840 -0.9932 -1.0205 -0.5698 0.8215 -0.0235 -1.8088
2018-11-27 21:21:19,656 tracker_1 0.8160 0.5670 -0.1124 0.5604 -0.0808 -0.0807 -0.9935 -1.0237 -0.5724 0.8197 -0.0200 -1.8170
2018-11-27 21:21:19,691 tracker_1 0.8152 0.5674 -0.1163 0.5479 -0.0807 -0.0876 -0.9929 -1.0292 -0.5735 0.8188 -0.0256 -1.8246
2018-11-27 21:21:19,726 tracker_1 0.8151 0.5713 -0.0959 0.5250 -0.0684 -0.0694 -0.9952 -1.0341 -0.5752 0.8178 -0.0175 -1.8381
2018-11-27 21:21:19,760 tracker_1 0.8124 0.5794 -0.0654 0.5002 -0.0552 -0.0352 -0.9979 -1.0365 -0.5805 0.8143 0.0034 -1.8587
2018-11-27 21:21:19,795 tracker_1 0.8108 0.5828 -0.0546 0.4861 -0.0563 -0.0151 -0.9983 -1.0374 -0.5827 0.8124 0.0205 -1.8719
2018-11-27 21:21:19,834 tracker_1 0.8092 0.5828 -0.0738 0.4896 -0.0627 -0.0392 -0.9973 -1.0374 -0.5841 0.8117 0.0049 -1.8713
2018-11-27 21:21:19,865 tracker_1 0.8103 0.5790 -0.0909 0.4928 -0.0668 -0.0630 -0.9958 -1.0378 -0.5823 0.8129 -0.0124 -1.8697
2018-11-27 21:21:19,900 tracker_1 0.8148 0.5696 -0.1079 0.4885 -0.0842 -0.0680 -0.9941 -1.0366 -0.5736 0.8191 -0.0074 -1.8793
2018-11-27 21:21:19,936 tracker_1 0.8240 0.5596 -0.0888 0.4713 -0.0810 -0.0389 -0.9960 -1.0393 -0.5608 0.8278 0.0133 -1.9002
2018-11-27 21:21:19,969 tracker_1 0.8293 0.5555 -0.0608 0.4530 -0.0717 -0.0021 -0.9974 -1.0467 -0.5542 0.8315 0.0381 -1.9171
2018-11-27 21:21:20,005 tracker_1 0.8319 0.5533 -0.0426 0.4432 -0.0541 0.0044 -0.9985 -1.0502 -0.5523 0.8330 0.0336 -1.9226
2018-11-27 21:21:20,040 tracker_1 0.8329 0.5502 -0.0595 0.4470 -0.0664 -0.0073 -0.9978 -1.0523 -0.5494 0.8350 0.0305 -1.9252
2018-11-27 21:21:20,078 tracker_1 0.8299 0.5516 -0.0840 0.4485 -0.0876 -0.0199 -0.9960 -1.0452 -0.5510 0.8339 0.0318 -1.9196
2018-11-27 21:21:20,113 tracker_1 0.8328 0.5494 -0.0678 0.4409 -0.0780 -0.0048 -0.9969 -1.0527 -0.5481 0.8355 0.0389 -1.9306
2018-11-27 21:21:20,148 tracker_1 0.8349 0.5488 -0.0420 0.4321 -0.0632 0.0197 -0.9978 -1.0536 -0.5468 0.8357 0.0511 -1.9383
2018-11-27 21:21:20,183 tracker_1 0.8354 0.5478 -0.0459 0.4344 -0.0626 0.0118 -0.9980 -1.0565 -0.5461 0.8365 0.0441 -1.9366
2018-11-27 21:21:20,218 tracker_1 0.8346 0.5467 -0.0676 0.4429 -0.0740 -0.0104 -0.9972 -1.0545 -0.5459 0.8373 0.0317 -1.9333
2018-11-27 21:21:20,254 tracker_1 0.8343 0.5465 -0.0723 0.4432 -0.0808 -0.0084 -0.9967 -1.0547 -0.5453 0.8374 0.0371 -1.9356
2018-11-27 21:21:20,288 tracker_1 0.8344 0.5487 -0.0516 0.4357 -0.0682 0.0099 -0.9976 -1.0539 -0.5469 0.8359 0.0457 -1.9387
2018-11-27 21:21:20,323 tracker_1 0.8346 0.5495 -0.0389 0.4325 -0.0556 0.0137 -0.9984 -1.0547 -0.5481 0.8354 0.0419 -1.9364
2018-11-27 21:21:20,358 tracker_1 0.8340 0.5493 -0.0521 0.4383 -0.0612 -0.0017 -0.9981 -1.0544 -0.5483 0.8357 0.0322 -1.9324
2018-11-27 21:21:20,392 tracker_1 0.8326 0.5499 -0.0667 0.4436 -0.0746 -0.0079 -0.9972 -1.0549 -0.5489 0.8352 0.0344 -1.9327
2018-11-27 21:21:20,429 tracker_1 0.8328 0.5505 -0.0577 0.4396 -0.0699 0.0012 -0.9976 -1.0540 -0.5491 0.8348 0.0395 -1.9339
2018-11-27 21:21:20,462 tracker_1 0.8340 0.5503 -0.0412 0.4335 -0.0549 0.0085 -0.9985 -1.0544 -0.5491 0.8349 0.0373 -1.9333
2018-11-27 21:21:20,497 tracker_1 0.8343 0.5499 -0.0400 0.4337 -0.0526 0.0071 -0.9986 -1.0541 -0.5488 0.8352 0.0348 -1.9330
2018-11-27 21:21:20,544 tracker_1 0.8339 0.5489 -0.0568 0.4397 -0.0673 -0.0010 -0.9977 -1.0544 -0.5478 0.8359 0.0361 -1.9335
2018-11-27 21:21:20,571 tracker_1 0.8343 0.5482 -0.0584 0.4403 -0.0686 -0.0018 -0.9976 -1.0542 -0.5470 0.8364 0.0361 -1.9340
2018-11-27 21:21:20,606 tracker_1 0.8357 0.5471 -0.0481 0.4361 -0.0593 0.0028 -0.9982 -1.0546 -0.5460 0.8371 0.0348 -1.9336
2018-11-27 21:21:20,642 tracker_1 0.8366 0.5464 -0.0385 0.4329 -0.0505 0.0069 -0.9987 -1.0546 -0.5454 0.8375 0.0334 -1.9337
2018-11-27 21:21:20,677 tracker_1 0.8368 0.5459 -0.0424 0.4344 -0.0544 0.0059 -0.9985 -1.0549 -0.5448 0.8379 0.0346 -1.9345
2018-11-27 21:21:20,711 tracker_1 0.8366 0.5455 -0.0503 0.4368 -0.0608 0.0012 -0.9981 -1.0545 -0.5444 0.8381 0.0341 -1.9346
2018-11-27 21:21:20,745 tracker_1 0.8369 0.5448 -0.0531 0.4371 -0.0630 -0.0005 -0.9980 -1.0549 -0.5438 0.8385 0.0339 -1.9350
2018-11-27 21:21:20,780 tracker_1 0.8375 0.5444 -0.0463 0.4339 -0.0581 0.0045 -0.9983 -1.0545 -0.5433 0.8388 0.0355 -1.9360
2018-11-27 21:21:20,822 tracker_1 0.8383 0.5439 -0.0387 0.4302 -0.0516 0.0086 -0.9986 -1.0551 -0.5428 0.8391 0.0353 -1.9365
2018-11-27 21:21:20,856 tracker_1 0.8384 0.5437 -0.0394 0.4299 -0.0505 0.0055 -0.9987 -1.0548 -0.5428 0.8393 0.0321 -1.9356
2018-11-27 21:21:20,891 tracker_1 0.8375 0.5446 -0.0458 0.4306 -0.0564 0.0028 -0.9984 -1.0539 -0.5436 0.8387 0.0330 -1.9354
2018-11-27 21:21:20,929 tracker_1 0.8371 0.5450 -0.0478 0.4309 -0.0596 0.0039 -0.9982 -1.0546 -0.5438 0.8384 0.0357 -1.9372
2018-11-27 21:21:20,962 tracker_1 0.8372 0.5449 -0.0462 0.4299 -0.0575 0.0037 -0.9983 -1.0549 -0.5438 0.8385 0.0344 -1.9373
2018-11-27 21:21:20,997 tracker_1 0.8372 0.5450 -0.0453 0.4296 -0.0559 0.0029 -0.9984 -1.0546 -0.5440 0.8385 0.0329 -1.9369
2018-11-27 21:21:21,031 tracker_1 0.8370 0.5452 -0.0459 0.4295 -0.0571 0.0037 -0.9984 -1.0547 -0.5442 0.8383 0.0342 -1.9372
2018-11-27 21:21:21,066 tracker_1 0.8371 0.5451 -0.0469 0.4296 -0.0578 0.0030 -0.9983 -1.0548 -0.5440 0.8384 0.0340 -1.9370
2018-11-27 21:21:21,101 tracker_1 0.8373 0.5448 -0.0464 0.4293 -0.0563 0.0016 -0.9984 -1.0550 -0.5439 0.8386 0.0320 -1.9360
2018-11-27 21:21:21,136 tracker_1 0.8376 0.5444 -0.0447 0.4288 -0.0554 0.0032 -0.9985 -1.0551 -0.5434 0.8388 0.0329 -1.9367
2018-11-27 21:21:21,172 tracker_1 0.8379 0.5440 -0.0447 0.4288 -0.0561 0.0045 -0.9984 -1.0551 -0.5429 0.8391 0.0343 -1.9369
2018-11-27 21:21:21,208 tracker_1 0.8380 0.5438 -0.0454 0.4291 -0.0557 0.0024 -0.9984 -1.0549 -0.5429 0.8392 0.0323 -1.9360
2018-11-27 21:21:21,241 tracker_1 0.8383 0.5433 -0.0451 0.4290 -0.0550 0.0019 -0.9985 -1.0550 -0.5424 0.8395 0.0315 -1.9360
2018-11-27 21:21:21,276 tracker_1 0.8387 0.5428 -0.0437 0.4286 -0.0549 0.0046 -0.9985 -1.0549 -0.5418 0.8398 0.0336 -1.9371
2018-11-27 21:21:21,311 tracker_1 0.8389 0.5425 -0.0433 0.4285 -0.0545 0.0045 -0.9985 -1.0548 -0.5415 0.8400 0.0333 -1.9370
2018-11-27 21:21:21,346 tracker_1 0.8393 0.5418 -0.0439 0.4291 -0.0541 0.0028 -0.9985 -1.0548 -0.5409 0.8405 0.0317 -1.9369
2018-11-27 21:21:21,380 tracker_1 0.8397 0.5413 -0.0442 0.4291 -0.0549 0.0036 -0.9985 -1.0548 -0.5403 0.8408 0.0328 -1.9379
2018-11-27 21:21:21,415 tracker_1 0.8400 0.5408 -0.0430 0.4286 -0.0542 0.0048 -0.9985 -1.0547 -0.5398 0.8411 0.0333 -1.9384
2018-11-27 21:21:21,451 tracker_1 0.8401 0.5407 -0.0429 0.4287 -0.0535 0.0039 -0.9986 -1.0547 -0.5398 0.8412 0.0322 -1.9382
2018-11-27 21:21:21,486 tracker_1 0.8397 0.5412 -0.0451 0.4288 -0.0550 0.0022 -0.9985 -1.0541 -0.5402 0.8409 0.0316 -1.9370
2018-11-27 21:21:21,521 tracker_1 0.8397 0.5411 -0.0447 0.4286 -0.0549 0.0026 -0.9985 -1.0540 -0.5402 0.8409 0.0319 -1.9364
2018-11-27 21:21:21,556 tracker_1 0.8400 0.5409 -0.0440 0.4285 -0.0538 0.0023 -0.9985 -1.0539 -0.5400 0.8411 0.0311 -1.9354
2018-11-27 21:21:21,591 tracker_1 0.8402 0.5405 -0.0441 0.4289 -0.0537 0.0020 -0.9986 -1.0538 -0.5396 0.8414 0.0307 -1.9349
2018-11-27 21:21:21,626 tracker_1 0.8404 0.5402 -0.0447 0.4297 -0.0548 0.0025 -0.9985 -1.0549 -0.5393 0.8415 0.0317 -1.9366
2018-11-27 21:21:21,661 tracker_1 0.8404 0.5401 -0.0446 0.4298 -0.0545 0.0023 -0.9985 -1.0547 -0.5392 0.8416 0.0314 -1.9366
2018-11-27 21:21:21,697 tracker_1 0.8404 0.5401 -0.0441 0.4297 -0.0537 0.0021 -0.9986 -1.0543 -0.5392 0.8416 0.0308 -1.9364
2018-11-27 21:21:21,731 tracker_1 0.8403 0.5403 -0.0447 0.4297 -0.0544 0.0019 -0.9985 -1.0542 -0.5394 0.8415 0.0309 -1.9364
2018-11-27 21:21:21,766 tracker_1 0.8404 0.5402 -0.0448 0.4301 -0.0547 0.0023 -0.9985 -1.0543 -0.5393 0.8416 0.0315 -1.9372
2018-11-27 21:21:21,801 tracker_1 0.8405 0.5400 -0.0440 0.4299 -0.0539 0.0025 -0.9985 -1.0542 -0.5391 0.8416 0.0312 -1.9374
2018-11-27 21:21:21,836 tracker_1 0.8405 0.5400 -0.0437 0.4299 -0.0534 0.0024 -0.9986 -1.0543 -0.5391 0.8417 0.0308 -1.9374
2018-11-27 21:21:21,871 tracker_1 0.8404 0.5402 -0.0444 0.4306 -0.0542 0.0023 -0.9985 -1.0541 -0.5393 0.8416 0.0312 -1.9374
2018-11-27 21:21:21,907 tracker_1 0.8407 0.5398 -0.0430 0.4303 -0.0530 0.0030 -0.9986 -1.0538 -0.5389 0.8418 0.0311 -1.9371
2018-11-27 21:21:21,944 tracker_1 0.8410 0.5393 -0.0427 0.4308 -0.0523 0.0023 -0.9986 -1.0535 -0.5385 0.8421 0.0302 -1.9361
2018-11-27 21:21:21,977 tracker_1 0.8411 0.5390 -0.0446 0.4322 -0.0530 0.0000 -0.9986 -1.0534 -0.5382 0.8423 0.0286 -1.9349
2018-11-27 21:21:22,011 tracker_1 0.8410 0.5391 -0.0465 0.4332 -0.0540 -0.0019 -0.9985 -1.0531 -0.5384 0.8423 0.0275 -1.9337
2018-11-27 21:21:22,046 tracker_1 0.8409 0.5392 -0.0465 0.4333 -0.0542 -0.0016 -0.9985 -1.0531 -0.5385 0.8422 0.0279 -1.9336
2018-11-27 21:21:22,081 tracker_1 0.8409 0.5393 -0.0452 0.4329 -0.0530 -0.0012 -0.9986 -1.0528 -0.5386 0.8421 0.0276 -1.9334
2018-11-27 21:21:22,115 tracker_1 0.8410 0.5391 -0.0450 0.4328 -0.0528 -0.0011 -0.9986 -1.0527 -0.5384 0.8422 0.0275 -1.9337
2018-11-27 21:21:22,150 tracker_1 0.8412 0.5389 -0.0450 0.4326 -0.0534 -0.0001 -0.9986 -1.0529 -0.5381 0.8424 0.0287 -1.9348
2018-11-27 21:21:22,185 tracker_1 0.8411 0.5391 -0.0449 0.4324 -0.0539 0.0008 -0.9985 -1.0531 -0.5383 0.8423 0.0297 -1.9358
2018-11-27 21:21:22,224 tracker_1 0.8412 0.5390 -0.0433 0.4314 -0.0527 0.0020 -0.9986 -1.0533 -0.5381 0.8423 0.0301 -1.9361
2018-11-27 21:21:22,258 tracker_1 0.8414 0.5387 -0.0436 0.4315 -0.0524 0.0012 -0.9986 -1.0531 -0.5379 0.8425 0.0292 -1.9353
2018-11-27 21:21:22,293 tracker_1 0.8415 0.5384 -0.0447 0.4321 -0.0530 -0.0002 -0.9986 -1.0533 -0.5377 0.8427 0.0284 -1.9352
2018-11-27 21:21:22,328 tracker_1 0.8417 0.5381 -0.0447 0.4321 -0.0532 0.0003 -0.9986 -1.0535 -0.5373 0.8429 0.0289 -1.9354
2018-11-27 21:21:22,364 tracker_1 0.8419 0.5379 -0.0437 0.4318 -0.0525 0.0011 -0.9986 -1.0531 -0.5371 0.8430 0.0291 -1.9352
2018-11-27 21:21:22,398 tracker_1 0.8420 0.5378 -0.0429 0.4315 -0.0519 0.0015 -0.9987 -1.0528 -0.5370 0.8431 0.0292 -1.9349
2018-11-27 21:21:22,433 tracker_1 0.8422 0.5375 -0.0429 0.4315 -0.0521 0.0019 -0.9986 -1.0529 -0.5367 0.8433 0.0296 -1.9349
2018-11-27 21:21:22,469 tracker_1 0.8423 0.5372 -0.0439 0.4319 -0.0525 0.0007 -0.9986 -1.0529 -0.5364 0.8435 0.0288 -1.9348
2018-11-27 21:21:22,504 tracker_1 0.8425 0.5370 -0.0440 0.4316 -0.0526 0.0008 -0.9986 -1.0532 -0.5362 0.8436 0.0290 -1.9352
2018-11-27 21:21:22,539 tracker_1 0.8423 0.5372 -0.0430 0.4311 -0.0525 0.0023 -0.9986 -1.0533 -0.5364 0.8434 0.0301 -1.9355
2018-11-27 21:21:22,572 tracker_1 0.8423 0.5373 -0.0427 0.4311 -0.0521 0.0022 -0.9986 -1.0529 -0.5365 0.8434 0.0298 -1.9355
2018-11-27 21:21:22,607 tracker_1 0.8422 0.5374 -0.0440 0.4317 -0.0528 0.0009 -0.9986 -1.0527 -0.5366 0.8434 0.0292 -1.9352
2018-11-27 21:21:22,642 tracker_1 0.8422 0.5373 -0.0443 0.4319 -0.0532 0.0011 -0.9986 -1.0530 -0.5365 0.8434 0.0295 -1.9358
2018-11-27 21:21:22,676 tracker_1 0.8421 0.5375 -0.0435 0.4316 -0.0527 0.0019 -0.9986 -1.0532 -0.5367 0.8433 0.0299 -1.9358
2018-11-27 21:21:22,711 tracker_1 0.8421 0.5376 -0.0436 0.4317 -0.0521 0.0007 -0.9986 -1.0532 -0.5368 0.8432 0.0286 -1.9350
2018-11-27 21:21:22,746 tracker_1 0.8420 0.5376 -0.0446 0.4323 -0.0525 -0.0006 -0.9986 -1.0532 -0.5369 0.8432 0.0277 -1.9344
2018-11-27 21:21:22,781 tracker_1 0.8418 0.5378 -0.0450 0.4325 -0.0533 -0.0002 -0.9986 -1.0532 -0.5371 0.8431 0.0285 -1.9345
2018-11-27 21:21:22,816 tracker_1 0.8419 0.5378 -0.0444 0.4314 -0.0525 -0.0002 -0.9986 -1.0535 -0.5370 0.8431 0.0281 -1.9348
2018-11-27 21:21:22,855 tracker_1 0.8420 0.5378 -0.0423 0.4293 -0.0523 0.0035 -0.9986 -1.0540 -0.5369 0.8431 0.0311 -1.9366
2018-11-27 21:21:22,885 tracker_1 0.8423 0.5376 -0.0394 0.4275 -0.0511 0.0069 -0.9987 -1.0546 -0.5366 0.8432 0.0333 -1.9383
2018-11-27 21:21:22,920 tracker_1 0.8424 0.5376 -0.0374 0.4263 -0.0491 0.0074 -0.9988 -1.0549 -0.5366 0.8432 0.0327 -1.9386
2018-11-27 21:21:22,955 tracker_1 0.8426 0.5372 -0.0383 0.4265 -0.0490 0.0056 -0.9988 -1.0545 -0.5363 0.8434 0.0310 -1.9384
2018-11-27 21:21:22,990 tracker_1 0.8427 0.5370 -0.0399 0.4269 -0.0507 0.0053 -0.9987 -1.0543 -0.5361 0.8436 0.0317 -1.9387
2018-11-27 21:21:23,025 tracker_1 0.8426 0.5370 -0.0409 0.4270 -0.0518 0.0051 -0.9986 -1.0543 -0.5361 0.8436 0.0321 -1.9388
2018-11-27 21:21:23,060 tracker_1 0.8427 0.5370 -0.0401 0.4267 -0.0509 0.0054 -0.9987 -1.0548 -0.5360 0.8436 0.0319 -1.9393
2018-11-27 21:21:23,095 tracker_1 0.8427 0.5369 -0.0392 0.4265 -0.0505 0.0064 -0.9987 -1.0547 -0.5359 0.8436 0.0325 -1.9394
2018-11-27 21:21:23,131 tracker_1 0.8427 0.5368 -0.0408 0.4276 -0.0509 0.0040 -0.9987 -1.0546 -0.5359 0.8437 0.0307 -1.9384
2018-11-27 21:21:23,166 tracker_1 0.8426 0.5369 -0.0427 0.4283 -0.0520 0.0022 -0.9986 -1.0543 -0.5361 0.8436 0.0298 -1.9378
2018-11-27 21:21:23,201 tracker_1 0.8425 0.5370 -0.0421 0.4282 -0.0522 0.0036 -0.9986 -1.0545 -0.5361 0.8436 0.0311 -1.9379
2018-11-27 21:21:23,236 tracker_1 0.8426 0.5369 -0.0413 0.4279 -0.0512 0.0035 -0.9987 -1.0547 -0.5360 0.8436 0.0305 -1.9374
2018-11-27 21:21:23,270 tracker_1 0.8427 0.5367 -0.0422 0.4281 -0.0513 0.0020 -0.9987 -1.0549 -0.5359 0.8438 0.0292 -1.9367
2018-11-27 21:21:23,305 tracker_1 0.8430 0.5362 -0.0429 0.4288 -0.0522 0.0021 -0.9986 -1.0551 -0.5353 0.8441 0.0298 -1.9367
2018-11-27 21:21:23,340 tracker_1 0.8437 0.5352 -0.0409 0.4287 -0.0498 0.0023 -0.9988 -1.0537 -0.5345 0.8447 0.0286 -1.9359
2018-11-27 21:21:23,377 tracker_1 0.8467 0.5307 -0.0378 0.4296 -0.0465 0.0029 -0.9989 -1.0521 -0.5300 0.8476 0.0271 -1.9358
2018-11-27 21:21:23,412 tracker_1 0.8521 0.5220 -0.0381 0.4322 -0.0437 -0.0015 -0.9990 -1.0485 -0.5216 0.8529 0.0216 -1.9353
2018-11-27 21:21:23,445 tracker_1 0.8595 0.5089 -0.0485 0.4391 -0.0416 -0.0250 -0.9988 -1.0437 -0.5095 0.8605 -0.0003 -1.9316
2018-11-27 21:21:23,480 tracker_1 0.8673 0.4931 -0.0679 0.4510 -0.0418 -0.0638 -0.9971 -1.0372 -0.4960 0.8676 -0.0347 -1.9276
2018-11-27 21:21:23,516 tracker_1 0.8763 0.4739 -0.0871 0.4648 -0.0543 -0.0826 -0.9951 -1.0305 -0.4788 0.8767 -0.0467 -1.9348
2018-11-27 21:21:23,549 tracker_1 0.8867 0.4498 -0.1071 0.4791 -0.0722 -0.0942 -0.9929 -1.0245 -0.4567 0.8882 -0.0510 -1.9437
2018-11-27 21:21:23,584 tracker_1 0.8999 0.4180 -0.1244 0.4884 -0.0829 -0.1160 -0.9898 -1.0212 -0.4282 0.9010 -0.0697 -1.9495
2018-11-27 21:21:23,620 tracker_1 0.9136 0.3871 -0.1249 0.4883 -0.0830 -0.1231 -0.9889 -1.0194 -0.3981 0.9138 -0.0804 -1.9606
2018-11-27 21:21:23,658 tracker_1 0.9223 0.3642 -0.1291 0.4881 -0.0953 -0.1094 -0.9894 -1.0190 -0.3744 0.9249 -0.0662 -1.9830
2018-11-27 21:21:23,692 tracker_1 0.9283 0.3456 -0.1371 0.4827 -0.1062 -0.1069 -0.9886 -1.0182 -0.3563 0.9323 -0.0625 -2.0007
2018-11-27 21:21:23,727 tracker_1 0.9371 0.3280 -0.1192 0.4639 -0.0865 -0.1125 -0.9899 -1.0233 -0.3381 0.9380 -0.0770 -2.0132
2018-11-27 21:21:23,761 tracker_1 0.9447 0.3129 -0.0978 0.4407 -0.0718 -0.0935 -0.9930 -1.0285 -0.3199 0.9452 -0.0659 -2.0380
2018-11-27 21:21:23,795 tracker_1 0.9502 0.3017 -0.0784 0.4151 -0.0629 -0.0606 -0.9962 -1.0339 -0.3053 0.9515 -0.0386 -2.0653
2018-11-27 21:21:23,830 tracker_1 0.9556 0.2906 -0.0487 0.3892 -0.0402 -0.0351 -0.9986 -1.0395 -0.2918 0.9562 -0.0219 -2.0862
2018-11-27 21:21:23,864 tracker_1 0.9574 0.2870 -0.0310 0.3721 -0.0253 -0.0235 -0.9994 -1.0380 -0.2876 0.9576 -0.0152 -2.0956
2018-11-27 21:21:23,899 tracker_1 0.9555 0.2919 -0.0427 0.3667 -0.0353 -0.0306 -0.9989 -1.0389 -0.2929 0.9560 -0.0190 -2.0963
2018-11-27 21:21:23,935 tracker_1 0.9530 0.2991 -0.0491 0.3607 -0.0393 -0.0385 -0.9985 -1.0404 -0.3005 0.9535 -0.0249 -2.0940
2018-11-27 21:21:23,970 tracker_1 0.9507 0.3073 -0.0411 0.3540 -0.0298 -0.0413 -0.9987 -1.0454 -0.3086 0.9507 -0.0301 -2.0976
2018-11-27 21:21:24,005 tracker_1 0.9485 0.3126 -0.0510 0.3535 -0.0462 -0.0229 -0.9987 -1.0498 -0.3133 0.9496 -0.0073 -2.1108
2018-11-27 21:21:24,039 tracker_1 0.9476 0.3147 -0.0550 0.3497 -0.0530 -0.0148 -0.9985 -1.0514 -0.3151 0.9491 0.0027 -2.1204
2018-11-27 21:21:24,073 tracker_1 0.9485 0.3145 -0.0382 0.3398 -0.0349 -0.0162 -0.9993 -1.0544 -0.3149 0.9491 -0.0044 -2.1268
2018-11-27 21:21:24,108 tracker_1 0.9484 0.3158 -0.0271 0.3344 -0.0301 0.0047 -0.9995 -1.0547 -0.3156 0.9488 0.0139 -2.1360
2018-11-27 21:21:24,143 tracker_1 0.9483 0.3159 -0.0315 0.3370 -0.0389 0.0172 -0.9991 -1.0556 -0.3150 0.9486 0.0285 -2.1392
2018-11-27 21:21:24,178 tracker_1 0.9471 0.3176 -0.0457 0.3424 -0.0470 -0.0035 -0.9989 -1.0548 -0.3174 0.9482 0.0117 -2.1266
2018-11-27 21:21:24,214 tracker_1 0.9455 0.3214 -0.0527 0.3461 -0.0473 -0.0246 -0.9986 -1.0528 -0.3223 0.9466 -0.0081 -2.1124
2018-11-27 21:21:24,248 tracker_1 0.9438 0.3271 -0.0478 0.3450 -0.0436 -0.0203 -0.9988 -1.0523 -0.3277 0.9448 -0.0049 -2.1056
2018-11-27 21:21:24,287 tracker_1 0.9426 0.3314 -0.0405 0.3428 -0.0388 -0.0117 -0.9992 -1.0531 -0.3316 0.9434 0.0018 -2.1024
2018-11-27 21:21:24,321 tracker_1 0.9429 0.3313 -0.0336 0.3426 -0.0310 -0.0131 -0.9994 -1.0523 -0.3315 0.9434 -0.0021 -2.0978
2018-11-27 21:21:24,354 tracker_1 0.9438 0.3282 -0.0405 0.3470 -0.0363 -0.0188 -0.9992 -1.0515 -0.3287 0.9444 -0.0058 -2.0945
2018-11-27 21:21:24,389 tracker_1 0.9444 0.3249 -0.0508 0.3525 -0.0467 -0.0205 -0.9987 -1.0515 -0.3255 0.9455 -0.0042 -2.0943
2018-11-27 21:21:24,424 tracker_1 0.9446 0.3241 -0.0514 0.3527 -0.0486 -0.0167 -0.9987 -1.0518 -0.3245 0.9459 -0.0000 -2.0948
2018-11-27 21:21:24,458 tracker_1 0.9447 0.3249 -0.0437 0.3493 -0.0414 -0.0141 -0.9990 -1.0532 -0.3252 0.9456 0.0001 -2.0953
2018-11-27 21:21:24,493 tracker_1 0.9448 0.3254 -0.0387 0.3464 -0.0370 -0.0116 -0.9992 -1.0543 -0.3256 0.9455 0.0011 -2.0966
2018-11-27 21:21:24,528 tracker_1 0.9446 0.3258 -0.0408 0.3466 -0.0412 -0.0054 -0.9991 -1.0547 -0.3257 0.9454 0.0083 -2.1002
2018-11-27 21:21:24,564 tracker_1 0.9448 0.3250 -0.0422 0.3467 -0.0426 -0.0061 -0.9991 -1.0546 -0.3249 0.9457 0.0080 -2.1003
2018-11-27 21:21:24,598 tracker_1 0.9450 0.3243 -0.0420 0.3469 -0.0411 -0.0094 -0.9991 -1.0547 -0.3244 0.9459 0.0045 -2.0992
2018-11-27 21:21:24,633 tracker_1 0.9449 0.3247 -0.0418 0.3471 -0.0417 -0.0072 -0.9991 -1.0540 -0.3248 0.9458 0.0068 -2.0994
2018-11-27 21:21:24,667 tracker_1 0.9446 0.3255 -0.0424 0.3480 -0.0426 -0.0066 -0.9991 -1.0534 -0.3255 0.9455 0.0077 -2.0978
2018-11-27 21:21:24,702 tracker_1 0.9442 0.3265 -0.0440 0.3493 -0.0419 -0.0134 -0.9990 -1.0526 -0.3268 0.9451 0.0011 -2.0937
2018-11-27 21:21:24,737 tracker_1 0.9441 0.3263 -0.0468 0.3512 -0.0432 -0.0185 -0.9989 -1.0522 -0.3268 0.9451 -0.0033 -2.0911
2018-11-27 21:21:24,772 tracker_1 0.9442 0.3254 -0.0509 0.3533 -0.0483 -0.0161 -0.9987 -1.0518 -0.3258 0.9454 0.0005 -2.0924
2018-11-27 21:21:24,808 tracker_1 0.9446 0.3240 -0.0519 0.3538 -0.0501 -0.0142 -0.9986 -1.0522 -0.3243 0.9460 0.0028 -2.0938
2018-11-27 21:21:24,845 tracker_1 0.9451 0.3228 -0.0499 0.3525 -0.0478 -0.0144 -0.9988 -1.0527 -0.3231 0.9464 0.0018 -2.0947
2018-11-27 21:21:24,877 tracker_1 0.9454 0.3227 -0.0462 0.3507 -0.0453 -0.0102 -0.9989 -1.0533 -0.3229 0.9464 0.0050 -2.0974
2018-11-27 21:21:24,913 tracker_1 0.9456 0.3225 -0.0427 0.3494 -0.0440 -0.0033 -0.9990 -1.0520 -0.3223 0.9466 0.0110 -2.0997
2018-11-27 21:21:24,947 tracker_1 0.9458 0.3219 -0.0436 0.3492 -0.0438 -0.0067 -0.9990 -1.0521 -0.3219 0.9467 0.0077 -2.0987
2018-11-27 21:21:24,982 tracker_1 0.9457 0.3216 -0.0475 0.3497 -0.0460 -0.0123 -0.9989 -1.0533 -0.3218 0.9468 0.0032 -2.0979
2018-11-27 21:21:25,017 tracker_1 0.9455 0.3217 -0.0499 0.3494 -0.0493 -0.0099 -0.9987 -1.0538 -0.3218 0.9468 0.0065 -2.1004
2018-11-27 21:21:25,051 tracker_1 0.9455 0.3220 -0.0476 0.3477 -0.0489 -0.0041 -0.9988 -1.0542 -0.3218 0.9467 0.0119 -2.1036
2018-11-27 21:21:25,086 tracker_1 0.9458 0.3218 -0.0443 0.3453 -0.0457 -0.0033 -0.9990 -1.0544 -0.3216 0.9468 0.0116 -2.1052
2018-11-27 21:21:25,122 tracker_1 0.9458 0.3220 -0.0419 0.3434 -0.0424 -0.0055 -0.9991 -1.0545 -0.3219 0.9467 0.0084 -2.1057
2018-11-27 21:21:25,159 tracker_1 0.9456 0.3228 -0.0411 0.3422 -0.0425 -0.0027 -0.9991 -1.0548 -0.3227 0.9464 0.0112 -2.1082
2018-11-27 21:21:25,192 tracker_1 0.9451 0.3241 -0.0419 0.3419 -0.0440 -0.0010 -0.9990 -1.0553 -0.3238 0.9460 0.0133 -2.1104
2018-11-27 21:21:25,226 tracker_1 0.9449 0.3249 -0.0406 0.3404 -0.0420 -0.0029 -0.9991 -1.0557 -0.3248 0.9457 0.0109 -2.1106
2018-11-27 21:21:25,261 tracker_1 0.9445 0.3260 -0.0400 0.3391 -0.0412 -0.0032 -0.9991 -1.0559 -0.3259 0.9454 0.0104 -2.1112
2018-11-27 21:21:25,296 tracker_1 0.9443 0.3266 -0.0397 0.3383 -0.0418 -0.0004 -0.9991 -1.0562 -0.3263 0.9452 0.0133 -2.1130
2018-11-27 21:21:25,333 tracker_1 0.9444 0.3266 -0.0383 0.3373 -0.0404 -0.0002 -0.9992 -1.0563 -0.3263 0.9452 0.0130 -2.1135
2018-11-27 21:21:25,365 tracker_1 0.9445 0.3263 -0.0381 0.3371 -0.0399 -0.0011 -0.9992 -1.0564 -0.3261 0.9453 0.0120 -2.1138
2018-11-27 21:21:25,400 tracker_1 0.9447 0.3256 -0.0393 0.3375 -0.0414 -0.0007 -0.9991 -1.0561 -0.3254 0.9455 0.0128 -2.1144
2018-11-27 21:21:25,436 tracker_1 0.9448 0.3251 -0.0399 0.3378 -0.0420 -0.0006 -0.9991 -1.0561 -0.3248 0.9457 0.0130 -2.1150
2018-11-27 21:21:25,470 tracker_1 0.9451 0.3245 -0.0394 0.3377 -0.0413 -0.0010 -0.9991 -1.0560 -0.3243 0.9459 0.0125 -2.1151
2018-11-27 21:21:25,505 tracker_1 0.9451 0.3244 -0.0393 0.3376 -0.0413 -0.0007 -0.9991 -1.0559 -0.3242 0.9459 0.0127 -2.1151
2018-11-27 21:21:25,540 tracker_1 0.9450 0.3246 -0.0401 0.3379 -0.0420 -0.0010 -0.9991 -1.0558 -0.3243 0.9459 0.0127 -2.1151
2018-11-27 21:21:25,575 tracker_1 0.9450 0.3247 -0.0403 0.3380 -0.0420 -0.0018 -0.9991 -1.0559 -0.3245 0.9458 0.0119 -2.1148
2018-11-27 21:21:25,609 tracker_1 0.9449 0.3248 -0.0398 0.3378 -0.0414 -0.0020 -0.9991 -1.0557 -0.3246 0.9458 0.0115 -2.1144
2018-11-27 21:21:25,644 tracker_1 0.9449 0.3250 -0.0402 0.3381 -0.0418 -0.0018 -0.9991 -1.0558 -0.3248 0.9457 0.0119 -2.1140
2018-11-27 21:21:25,679 tracker_1 0.9448 0.3251 -0.0405 0.3382 -0.0420 -0.0022 -0.9991 -1.0558 -0.3249 0.9457 0.0116 -2.1136
2018-11-27 21:21:25,716 tracker_1 0.9448 0.3251 -0.0408 0.3383 -0.0420 -0.0032 -0.9991 -1.0558 -0.3249 0.9457 0.0106 -2.1130
2018-11-27 21:21:25,749 tracker_1 0.9448 0.3251 -0.0403 0.3382 -0.0417 -0.0027 -0.9991 -1.0559 -0.3249 0.9457 0.0110 -2.1131
2018-11-27 21:21:25,785 tracker_1 0.9449 0.3249 -0.0398 0.3380 -0.0415 -0.0016 -0.9991 -1.0560 -0.3247 0.9458 0.0119 -2.1133
2018-11-27 21:21:25,823 tracker_1 0.9450 0.3246 -0.0397 0.3381 -0.0413 -0.0018 -0.9991 -1.0558 -0.3244 0.9459 0.0117 -2.1134
2018-11-27 21:21:25,857 tracker_1 0.9450 0.3246 -0.0403 0.3382 -0.0417 -0.0026 -0.9991 -1.0559 -0.3244 0.9459 0.0111 -2.1134
2018-11-27 21:21:25,892 tracker_1 0.9449 0.3248 -0.0402 0.3381 -0.0418 -0.0020 -0.9991 -1.0558 -0.3246 0.9458 0.0116 -2.1136
2018-11-27 21:21:25,927 tracker_1 0.9450 0.3247 -0.0395 0.3379 -0.0414 -0.0011 -0.9991 -1.0556 -0.3245 0.9458 0.0124 -2.1141
2018-11-27 21:21:25,962 tracker_1 0.9450 0.3245 -0.0400 0.3382 -0.0416 -0.0020 -0.9991 -1.0553 -0.3243 0.9459 0.0116 -2.1136
2018-11-27 21:21:25,996 tracker_1 0.9451 0.3241 -0.0409 0.3388 -0.0421 -0.0036 -0.9991 -1.0552 -0.3240 0.9460 0.0103 -2.1135
2018-11-27 21:21:26,031 tracker_1 0.9452 0.3238 -0.0418 0.3390 -0.0428 -0.0040 -0.9991 -1.0552 -0.3237 0.9461 0.0100 -2.1134
2018-11-27 21:21:26,067 tracker_1 0.9453 0.3236 -0.0418 0.3390 -0.0432 -0.0029 -0.9991 -1.0555 -0.3234 0.9462 0.0112 -2.1140
2018-11-27 21:21:26,101 tracker_1 0.9453 0.3237 -0.0409 0.3385 -0.0425 -0.0022 -0.9991 -1.0556 -0.3235 0.9462 0.0116 -2.1137
2018-11-27 21:21:26,136 tracker_1 0.9452 0.3239 -0.0403 0.3382 -0.0414 -0.0034 -0.9991 -1.0556 -0.3238 0.9461 0.0102 -2.1129
2018-11-27 21:21:26,171 tracker_1 0.9452 0.3240 -0.0404 0.3384 -0.0414 -0.0039 -0.9991 -1.0557 -0.3239 0.9461 0.0097 -2.1127
2018-11-27 21:21:26,206 tracker_1 0.9453 0.3237 -0.0406 0.3384 -0.0420 -0.0029 -0.9991 -1.0557 -0.3235 0.9462 0.0109 -2.1133
2018-11-27 21:21:26,242 tracker_1 0.9454 0.3233 -0.0401 0.3382 -0.0415 -0.0023 -0.9991 -1.0557 -0.3232 0.9463 0.0113 -2.1135
2018-11-27 21:21:26,276 tracker_1 0.9455 0.3232 -0.0394 0.3380 -0.0409 -0.0023 -0.9992 -1.0555 -0.3230 0.9463 0.0110 -2.1135
2018-11-27 21:21:26,312 tracker_1 0.9454 0.3234 -0.0401 0.3384 -0.0415 -0.0024 -0.9991 -1.0553 -0.3232 0.9463 0.0111 -2.1136
2018-11-27 21:21:26,345 tracker_1 0.9453 0.3235 -0.0415 0.3394 -0.0428 -0.0030 -0.9991 -1.0553 -0.3233 0.9462 0.0111 -2.1140
2018-11-27 21:21:26,382 tracker_1 0.9453 0.3235 -0.0410 0.3395 -0.0421 -0.0035 -0.9991 -1.0552 -0.3234 0.9462 0.0103 -2.1135
2018-11-27 21:21:26,424 tracker_1 0.9454 0.3234 -0.0412 0.3392 -0.0421 -0.0041 -0.9991 -1.0550 -0.3233 0.9463 0.0097 -2.1133
2018-11-27 21:21:26,455 tracker_1 0.9453 0.3234 -0.0419 0.3392 -0.0429 -0.0042 -0.9991 -1.0553 -0.3233 0.9463 0.0099 -2.1134
2018-11-27 21:21:26,489 tracker_1 0.9454 0.3234 -0.0413 0.3386 -0.0427 -0.0030 -0.9991 -1.0553 -0.3233 0.9462 0.0110 -2.1141
2018-11-27 21:21:26,524 tracker_1 0.9452 0.3240 -0.0405 0.3379 -0.0419 -0.0028 -0.9991 -1.0554 -0.3239 0.9460 0.0109 -2.1139
2018-11-27 21:21:26,560 tracker_1 0.9450 0.3248 -0.0399 0.3373 -0.0408 -0.0038 -0.9992 -1.0557 -0.3246 0.9458 0.0096 -2.1135
2018-11-27 21:21:26,594 tracker_1 0.9447 0.3254 -0.0399 0.3370 -0.0412 -0.0030 -0.9991 -1.0556 -0.3253 0.9456 0.0106 -2.1142
2018-11-27 21:21:26,629 tracker_1 0.9447 0.3256 -0.0390 0.3364 -0.0408 -0.0014 -0.9992 -1.0556 -0.3254 0.9455 0.0120 -2.1147
2018-11-27 21:21:26,664 tracker_1 0.9448 0.3254 -0.0379 0.3361 -0.0394 -0.0020 -0.9992 -1.0555 -0.3252 0.9456 0.0109 -2.1145
2018-11-27 21:21:26,700 tracker_1 0.9450 0.3247 -0.0386 0.3365 -0.0398 -0.0028 -0.9992 -1.0553 -0.3246 0.9458 0.0103 -2.1144
2018-11-27 21:21:26,733 tracker_1 0.9450 0.3247 -0.0405 0.3375 -0.0418 -0.0031 -0.9991 -1.0554 -0.3245 0.9458 0.0106 -2.1150
2018-11-27 21:21:26,769 tracker_1 0.9452 0.3241 -0.0404 0.3374 -0.0417 -0.0029 -0.9991 -1.0554 -0.3239 0.9460 0.0107 -2.1154
2018-11-27 21:21:26,804 tracker_1 0.9454 0.3235 -0.0394 0.3370 -0.0408 -0.0024 -0.9992 -1.0554 -0.3233 0.9462 0.0109 -2.1157
2018-11-27 21:21:26,838 tracker_1 0.9456 0.3228 -0.0396 0.3374 -0.0411 -0.0021 -0.9992 -1.0554 -0.3226 0.9465 0.0113 -2.1166
2018-11-27 21:21:26,874 tracker_1 0.9457 0.3224 -0.0403 0.3378 -0.0416 -0.0030 -0.9991 -1.0554 -0.3222 0.9466 0.0106 -2.1162
2018-11-27 21:21:26,908 tracker_1 0.9458 0.3223 -0.0401 0.3376 -0.0413 -0.0033 -0.9991 -1.0553 -0.3221 0.9466 0.0101 -2.1155
2018-11-27 21:21:26,943 tracker_1 0.9458 0.3223 -0.0405 0.3379 -0.0416 -0.0036 -0.9991 -1.0548 -0.3221 0.9466 0.0100 -2.1150
2018-11-27 21:21:26,978 tracker_1 0.9453 0.3234 -0.0419 0.3390 -0.0422 -0.0061 -0.9991 -1.0532 -0.3233 0.9463 0.0078 -2.1137
2018-11-27 21:21:27,013 tracker_1 0.9435 0.3278 -0.0478 0.3412 -0.0479 -0.0079 -0.9988 -1.0515 -0.3278 0.9447 0.0083 -2.1140
2018-11-27 21:21:27,048 tracker_1 0.9405 0.3343 -0.0613 0.3439 -0.0574 -0.0216 -0.9981 -1.0473 -0.3350 0.9422 -0.0011 -2.1104
2018-11-27 21:21:27,083 tracker_1 0.9367 0.3401 -0.0831 0.3455 -0.0713 -0.0470 -0.9963 -1.0431 -0.3428 0.9392 -0.0197 -2.1047
2018-11-27 21:21:27,117 tracker_1 0.9321 0.3489 -0.0970 0.3388 -0.0805 -0.0617 -0.9948 -1.0384 -0.3530 0.9351 -0.0294 -2.1034
2018-11-27 21:21:27,152 tracker_1 0.9264 0.3650 -0.0930 0.3229 -0.0750 -0.0631 -0.9952 -1.0359 -0.3691 0.9289 -0.0311 -2.1061
2018-11-27 21:21:27,187 tracker_1 0.9179 0.3872 -0.0872 0.3054 -0.0666 -0.0662 -0.9956 -1.0347 -0.3913 0.9196 -0.0349 -2.1091
2018-11-27 21:21:27,222 tracker_1 0.9071 0.4124 -0.0841 0.2878 -0.0587 -0.0739 -0.9955 -1.0366 -0.4168 0.9080 -0.0428 -2.1139
2018-11-27 21:21:27,257 tracker_1 0.8951 0.4386 -0.0804 0.2685 -0.0570 -0.0663 -0.9962 -1.0383 -0.4422 0.8962 -0.0343 -2.1280
2018-11-27 21:21:27,292 tracker_1 0.8834 0.4631 -0.0720 0.2474 -0.0550 -0.0502 -0.9972 -1.0401 -0.4654 0.8849 -0.0188 -2.1464
2018-11-27 21:21:27,327 tracker_1 0.8732 0.4839 -0.0583 0.2275 -0.0459 -0.0375 -0.9982 -1.0401 -0.4853 0.8743 -0.0105 -2.1604
2018-11-27 21:21:27,362 tracker_1 0.8643 0.5006 -0.0483 0.2130 -0.0360 -0.0342 -0.9988 -1.0400 -0.5017 0.8650 -0.0115 -2.1666
2018-11-27 21:21:27,397 tracker_1 0.8580 0.5120 -0.0397 0.2027 -0.0207 -0.0426 -0.9989 -1.0406 -0.5132 0.8579 -0.0260 -2.1668
2018-11-27 21:21:27,432 tracker_1 0.8550 0.5171 -0.0394 0.1950 -0.0207 -0.0419 -0.9989 -1.0405 -0.5182 0.8549 -0.0251 -2.1744
2018-11-27 21:21:27,467 tracker_1 0.8551 0.5174 -0.0335 0.1881 -0.0267 -0.0205 -0.9994 -1.0444 -0.5178 0.8555 -0.0037 -2.1899
2018-11-27 21:21:27,501 tracker_1 0.8574 0.5142 -0.0204 0.1827 -0.0227 -0.0018 -0.9997 -1.0472 -0.5141 0.8577 0.0101 -2.2013
2018-11-27 21:21:27,536 tracker_1 0.8594 0.5109 -0.0186 0.1864 -0.0187 -0.0050 -0.9998 -1.0508 -0.5109 0.8596 0.0052 -2.2047
2018-11-27 21:21:27,571 tracker_1 0.8607 0.5074 -0.0424 0.2015 -0.0424 -0.0116 -0.9990 -1.0524 -0.5074 0.8616 0.0115 -2.2077
2018-11-27 21:21:27,606 tracker_1 0.8609 0.5042 -0.0674 0.2125 -0.0662 -0.0203 -0.9976 -1.0498 -0.5044 0.8633 0.0159 -2.2057
2018-11-27 21:21:27,641 tracker_1 0.8618 0.5047 -0.0508 0.2089 -0.0437 -0.0258 -0.9987 -1.0468 -0.5054 0.8629 -0.0002 -2.1954
2018-11-27 21:21:27,676 tracker_1 0.8608 0.5073 -0.0409 0.2049 -0.0314 -0.0273 -0.9991 -1.0454 -0.5080 0.8613 -0.0076 -2.1885
2018-11-27 21:21:27,711 tracker_1 0.8563 0.5139 -0.0511 0.2074 -0.0462 -0.0223 -0.9987 -1.0469 -0.5143 0.8576 0.0046 -2.1903
2018-11-27 21:21:27,746 tracker_1 0.8529 0.5195 -0.0527 0.2062 -0.0508 -0.0178 -0.9985 -1.0511 -0.5197 0.8543 0.0112 -2.1920
2018-11-27 21:21:27,781 tracker_1 0.8524 0.5216 -0.0370 0.2000 -0.0343 -0.0149 -0.9993 -1.0534 -0.5217 0.8531 0.0051 -2.1889
2018-11-27 21:21:27,816 tracker_1 0.8531 0.5209 -0.0305 0.1990 -0.0273 -0.0138 -0.9995 -1.0525 -0.5211 0.8535 0.0024 -2.1880
2018-11-27 21:21:27,850 tracker_1 0.8537 0.5193 -0.0395 0.2043 -0.0393 -0.0114 -0.9992 -1.0541 -0.5193 0.8545 0.0107 -2.1917
2018-11-27 21:21:27,885 tracker_1 0.8544 0.5173 -0.0486 0.2097 -0.0482 -0.0143 -0.9987 -1.0527 -0.5174 0.8557 0.0127 -2.1913
2018-11-27 21:21:27,920 tracker_1 0.8558 0.5154 -0.0445 0.2113 -0.0409 -0.0184 -0.9990 -1.0528 -0.5157 0.8568 0.0054 -2.1875
2018-11-27 21:21:27,955 tracker_1 0.8575 0.5130 -0.0388 0.2123 -0.0335 -0.0196 -0.9992 -1.0519 -0.5133 0.8582 0.0004 -2.1857
2018-11-27 21:21:27,990 tracker_1 0.8603 0.5083 -0.0381 0.2161 -0.0360 -0.0140 -0.9993 -1.0521 -0.5085 0.8611 0.0062 -2.1876
2018-11-27 21:21:28,025 tracker_1 0.8635 0.5025 -0.0421 0.2220 -0.0397 -0.0155 -0.9991 -1.0505 -0.5027 0.8644 0.0066 -2.1875
2018-11-27 21:21:28,060 tracker_1 0.8662 0.4973 -0.0492 0.2288 -0.0414 -0.0267 -0.9988 -1.0496 -0.4980 0.8672 -0.0025 -2.1833
2018-11-27 21:21:28,095 tracker_1 0.8683 0.4929 -0.0550 0.2337 -0.0425 -0.0366 -0.9984 -1.0494 -0.4942 0.8693 -0.0108 -2.1805
2018-11-27 21:21:28,130 tracker_1 0.8703 0.4898 -0.0517 0.2344 -0.0404 -0.0335 -0.9986 -1.0481 -0.4908 0.8712 -0.0093 -2.1814
2018-11-27 21:21:28,165 tracker_1 0.8730 0.4851 -0.0500 0.2348 -0.0419 -0.0275 -0.9987 -1.0489 -0.4859 0.8740 -0.0037 -2.1836
2018-11-27 21:21:28,199 tracker_1 0.8762 0.4790 -0.0535 0.2358 -0.0446 -0.0299 -0.9986 -1.0489 -0.4799 0.8773 -0.0048 -2.1838
2018-11-27 21:21:28,234 tracker_1 0.8789 0.4737 -0.0564 0.2345 -0.0467 -0.0323 -0.9984 -1.0493 -0.4748 0.8801 -0.0062 -2.1850
2018-11-27 21:21:28,269 tracker_1 0.8812 0.4698 -0.0524 0.2307 -0.0448 -0.0273 -0.9986 -1.0496 -0.4706 0.8824 -0.0030 -2.1890
2018-11-27 21:21:28,304 tracker_1 0.8833 0.4659 -0.0512 0.2271 -0.0463 -0.0219 -0.9987 -1.0501 -0.4664 0.8846 0.0022 -2.1952
