2018-11-27 21:19:55,158 START: 30 fps
2018-11-27 21:19:55,158 hmd_1 1.0000 0.0000 0.0000 0.0000 0.0000 1.0000 0.0000 0.0000 0.0000 0.0000 1.0000 0.0000
2018-11-27 21:19:55,159 tracking_reference_1 -0.9934 -0.0375 0.1085 0.1519 0.0187 0.8796 0.4754 -0.0472 -0.1132 0.4743 -0.8730 -4.7742
2018-11-27 21:19:55,159 tracking_reference_2 1.0000 0.0050 -0.0000 0.0000 -0.0041 0.8245 0.5659 0.0000 0.0028 -0.5659 0.8245 0.0000
2018-11-27 21:19:55,159 tracker_1 0.8665 0.4979 -0.0343 0.5165 -0.0510 0.0200 -0.9985 -1.0563 -0.4965 0.8670 0.0428 -1.6470
2018-11-27 21:19:55,159 tracker_1 0.8665 0.4979 -0.0343 0.5165 -0.0510 0.0200 -0.9985 -1.0563 -0.4965 0.8670 0.0428 -1.6470
2018-11-27 21:19:55,194 tracker_1 0.8666 0.4979 -0.0340 0.5162 -0.0509 0.0204 -0.9985 -1.0561 -0.4964 0.8670 0.0430 -1.6468
2018-11-27 21:19:55,230 tracker_1 0.8666 0.4979 -0.0339 0.5161 -0.0510 0.0207 -0.9985 -1.0559 -0.4964 0.8670 0.0433 -1.6466
2018-11-27 21:19:55,264 tracker_1 0.8666 0.4978 -0.0343 0.5167 -0.0515 0.0208 -0.9985 -1.0571 -0.4964 0.8670 0.0436 -1.6483
2018-11-27 21:19:55,299 tracker_1 0.8667 0.4977 -0.0343 0.5169 -0.0514 0.0206 -0.9985 -1.0573 -0.4963 0.8671 0.0435 -1.6486
2018-11-27 21:19:55,334 tracker_1 0.8667 0.4977 -0.0340 0.5169 -0.0511 0.0207 -0.9985 -1.0572 -0.4963 0.8671 0.0433 -1.6485
2018-11-27 21:19:55,369 tracker_1 0.8668 0.4976 -0.0332 0.5167 -0.0503 0.0210 -0.9985 -1.0569 -0.4962 0.8671 0.0433 -1.6484
2018-11-27 21:19:55,403 tracker_1 0.8668 0.4976 -0.0328 0.5166 -0.0501 0.0213 -0.9985 -1.0570 -0.4962 0.8671 0.0434 -1.6486
2018-11-27 21:19:55,438 tracker_1 0.8668 0.4976 -0.0331 0.5168 -0.0503 0.0211 -0.9985 -1.0572 -0.4962 0.8671 0.0433 -1.6486
2018-11-27 21:19:55,473 tracker_1 0.8667 0.4976 -0.0338 0.5170 -0.0506 0.0204 -0.9985 -1.0572 -0.4962 0.8671 0.0428 -1.6482
2018-11-27 21:19:55,508 tracker_1 0.8668 0.4975 -0.0335 0.5169 -0.0503 0.0203 -0.9985 -1.0572 -0.4961 0.8672 0.0426 -1.6483
2018-11-27 21:19:55,543 tracker_1 0.8669 0.4975 -0.0327 0.5166 -0.0498 0.0211 -0.9985 -1.0572 -0.4961 0.8672 0.0431 -1.6485
2018-11-27 21:19:55,578 tracker_1 0.8669 0.4974 -0.0322 0.5164 -0.0495 0.0215 -0.9985 -1.0569 -0.4959 0.8673 0.0432 -1.6486
2018-11-27 21:19:55,613 tracker_1 0.8664 0.4982 -0.0344 0.5164 -0.0513 0.0203 -0.9985 -1.0562 -0.4968 0.8668 0.0431 -1.6480
2018-11-27 21:19:55,648 tracker_1 0.8665 0.4980 -0.0338 0.5165 -0.0508 0.0206 -0.9985 -1.0567 -0.4966 0.8669 0.0431 -1.6480
2018-11-27 21:19:55,683 tracker_1 0.8657 0.4991 -0.0374 0.5199 -0.0542 0.0192 -0.9983 -1.0576 -0.4976 0.8663 0.0437 -1.6495
2018-11-27 21:19:55,718 tracker_1 0.8656 0.4994 -0.0360 0.5181 -0.0527 0.0194 -0.9984 -1.0571 -0.4979 0.8661 0.0432 -1.6480
2018-11-27 21:19:55,753 tracker_1 0.8654 0.4997 -0.0359 0.5174 -0.0526 0.0193 -0.9984 -1.0570 -0.4982 0.8660 0.0430 -1.6475
2018-11-27 21:19:55,787 tracker_1 0.8654 0.4997 -0.0358 0.5173 -0.0526 0.0195 -0.9984 -1.0571 -0.4982 0.8660 0.0432 -1.6475
2018-11-27 21:19:55,822 tracker_1 0.8653 0.4999 -0.0358 0.5175 -0.0526 0.0195 -0.9984 -1.0571 -0.4984 0.8659 0.0432 -1.6476
2018-11-27 21:19:55,857 tracker_1 0.8655 0.4997 -0.0354 0.5174 -0.0522 0.0197 -0.9984 -1.0569 -0.4982 0.8660 0.0432 -1.6474
2018-11-27 21:19:55,892 tracker_1 0.8655 0.4997 -0.0352 0.5170 -0.0522 0.0200 -0.9984 -1.0568 -0.4982 0.8660 0.0434 -1.6473
2018-11-27 21:19:55,927 tracker_1 0.8657 0.4994 -0.0345 0.5170 -0.0517 0.0208 -0.9984 -1.0567 -0.4980 0.8661 0.0438 -1.6477
2018-11-27 21:19:55,962 tracker_1 0.8659 0.4992 -0.0332 0.5170 -0.0508 0.0218 -0.9985 -1.0567 -0.4977 0.8662 0.0442 -1.6480
2018-11-27 21:19:55,997 tracker_1 0.8660 0.4990 -0.0329 0.5171 -0.0504 0.0217 -0.9985 -1.0571 -0.4976 0.8663 0.0439 -1.6479
2018-11-27 21:19:56,032 tracker_1 0.8659 0.4990 -0.0339 0.5172 -0.0505 0.0199 -0.9985 -1.0575 -0.4976 0.8664 0.0425 -1.6472
2018-11-27 21:19:56,067 tracker_1 0.8661 0.4987 -0.0351 0.5178 -0.0511 0.0186 -0.9985 -1.0577 -0.4973 0.8666 0.0416 -1.6472
2018-11-27 21:19:56,103 tracker_1 0.8662 0.4985 -0.0345 0.5176 -0.0509 0.0194 -0.9985 -1.0575 -0.4971 0.8667 0.0422 -1.6474
2018-11-27 21:19:56,137 tracker_1 0.8663 0.4985 -0.0332 0.5171 -0.0500 0.0203 -0.9985 -1.0575 -0.4971 0.8667 0.0425 -1.6472
2018-11-27 21:19:56,171 tracker_1 0.8663 0.4985 -0.0326 0.5170 -0.0496 0.0208 -0.9986 -1.0572 -0.4971 0.8666 0.0428 -1.6472
2018-11-27 21:19:56,206 tracker_1 0.8662 0.4986 -0.0332 0.5174 -0.0500 0.0204 -0.9985 -1.0575 -0.4972 0.8666 0.0426 -1.6472
2018-11-27 21:19:56,241 tracker_1 0.8661 0.4987 -0.0347 0.5180 -0.0509 0.0189 -0.9985 -1.0578 -0.4973 0.8666 0.0417 -1.6469
2018-11-27 21:19:56,276 tracker_1 0.8660 0.4988 -0.0351 0.5182 -0.0510 0.0181 -0.9985 -1.0578 -0.4975 0.8665 0.0411 -1.6466
2018-11-27 21:19:56,311 tracker_1 0.8659 0.4990 -0.0343 0.5178 -0.0506 0.0192 -0.9985 -1.0578 -0.4976 0.8664 0.0418 -1.6469
2018-11-27 21:19:56,346 tracker_1 0.8660 0.4989 -0.0334 0.5177 -0.0500 0.0199 -0.9986 -1.0579 -0.4975 0.8664 0.0422 -1.6471
2018-11-27 21:19:56,381 tracker_1 0.8659 0.4990 -0.0338 0.5179 -0.0502 0.0194 -0.9986 -1.0579 -0.4977 0.8664 0.0418 -1.6469
2018-11-27 21:19:56,416 tracker_1 0.8659 0.4990 -0.0340 0.5181 -0.0501 0.0188 -0.9986 -1.0579 -0.4977 0.8664 0.0413 -1.6468
2018-11-27 21:19:56,451 tracker_1 0.8658 0.4993 -0.0335 0.5180 -0.0499 0.0195 -0.9986 -1.0580 -0.4979 0.8662 0.0418 -1.6469
2018-11-27 21:19:56,486 tracker_1 0.8659 0.4992 -0.0328 0.5180 -0.0491 0.0195 -0.9986 -1.0577 -0.4979 0.8663 0.0414 -1.6466
2018-11-27 21:19:56,520 tracker_1 0.8660 0.4989 -0.0333 0.5187 -0.0493 0.0189 -0.9986 -1.0574 -0.4976 0.8664 0.0410 -1.6463
2018-11-27 21:19:56,555 tracker_1 0.8661 0.4987 -0.0343 0.5197 -0.0499 0.0179 -0.9986 -1.0571 -0.4974 0.8666 0.0404 -1.6456
2018-11-27 21:19:56,590 tracker_1 0.8661 0.4987 -0.0346 0.5208 -0.0493 0.0163 -0.9986 -1.0566 -0.4974 0.8666 0.0388 -1.6447
2018-11-27 21:19:56,634 tracker_1 0.8660 0.4988 -0.0353 0.5229 -0.0495 0.0154 -0.9987 -1.0551 -0.4976 0.8666 0.0380 -1.6434
2018-11-27 21:19:56,668 tracker_1 0.8654 0.4997 -0.0381 0.5261 -0.0491 0.0088 -0.9988 -1.0531 -0.4988 0.8661 0.0322 -1.6403
2018-11-27 21:19:56,703 tracker_1 0.8645 0.5005 -0.0459 0.5309 -0.0502 -0.0048 -0.9987 -1.0493 -0.5001 0.8657 0.0210 -1.6353
2018-11-27 21:19:56,738 tracker_1 0.8632 0.5017 -0.0560 0.5366 -0.0552 -0.0164 -0.9983 -1.0460 -0.5018 0.8649 0.0135 -1.6314
2018-11-27 21:19:56,774 tracker_1 0.8619 0.5029 -0.0649 0.5414 -0.0604 -0.0253 -0.9979 -1.0434 -0.5034 0.8640 0.0086 -1.6285
2018-11-27 21:19:56,809 tracker_1 0.8611 0.5036 -0.0703 0.5440 -0.0622 -0.0330 -0.9975 -1.0412 -0.5046 0.8633 0.0029 -1.6259
2018-11-27 21:19:56,843 tracker_1 0.8606 0.5041 -0.0724 0.5450 -0.0625 -0.0367 -0.9974 -1.0399 -0.5055 0.8628 -0.0001 -1.6250
2018-11-27 21:19:56,879 tracker_1 0.8598 0.5052 -0.0742 0.5451 -0.0653 -0.0355 -0.9972 -1.0391 -0.5064 0.8623 0.0024 -1.6261
2018-11-27 21:19:56,914 tracker_1 0.8588 0.5065 -0.0768 0.5459 -0.0681 -0.0356 -0.9970 -1.0378 -0.5078 0.8615 0.0039 -1.6263
2018-11-27 21:19:56,948 tracker_1 0.8578 0.5073 -0.0820 0.5478 -0.0701 -0.0426 -0.9966 -1.0365 -0.5091 0.8607 -0.0009 -1.6246
2018-11-27 21:19:56,983 tracker_1 0.8568 0.5084 -0.0859 0.5495 -0.0725 -0.0462 -0.9963 -1.0358 -0.5105 0.8599 -0.0028 -1.6232
2018-11-27 21:19:57,018 tracker_1 0.8520 0.5140 -0.0999 0.5572 -0.0849 -0.0527 -0.9950 -1.0360 -0.5167 0.8562 -0.0012 -1.6255
2018-11-27 21:19:57,056 tracker_1 0.8522 0.5143 -0.0959 0.5551 -0.0791 -0.0546 -0.9954 -1.0347 -0.5172 0.8559 -0.0059 -1.6238
2018-11-27 21:19:57,090 tracker_1 0.8521 0.5148 -0.0943 0.5533 -0.0754 -0.0577 -0.9955 -1.0331 -0.5179 0.8554 -0.0104 -1.6221
2018-11-27 21:19:57,124 tracker_1 0.8514 0.5157 -0.0955 0.5507 -0.0745 -0.0614 -0.9953 -1.0311 -0.5192 0.8546 -0.0139 -1.6184
2018-11-27 21:19:57,159 tracker_1 0.8519 0.5141 -0.1002 0.5529 -0.0759 -0.0680 -0.9948 -1.0292 -0.5182 0.8550 -0.0189 -1.6163
2018-11-27 21:19:57,194 tracker_1 0.8525 0.5119 -0.1055 0.5538 -0.0777 -0.0756 -0.9941 -1.0274 -0.5169 0.8557 -0.0246 -1.6130
2018-11-27 21:19:57,230 tracker_1 0.8530 0.5097 -0.1119 0.5551 -0.0818 -0.0811 -0.9933 -1.0262 -0.5154 0.8565 -0.0275 -1.6128
2018-11-27 21:19:57,266 tracker_1 0.8531 0.5088 -0.1154 0.5544 -0.0852 -0.0824 -0.9930 -1.0248 -0.5147 0.8569 -0.0269 -1.6147
2018-11-27 21:19:57,301 tracker_1 0.8533 0.5087 -0.1144 0.5524 -0.0849 -0.0809 -0.9931 -1.0242 -0.5144 0.8572 -0.0258 -1.6181
2018-11-27 21:19:57,337 tracker_1 0.8528 0.5093 -0.1152 0.5516 -0.0852 -0.0819 -0.9930 -1.0241 -0.5152 0.8567 -0.0264 -1.6204
2018-11-27 21:19:57,371 tracker_1 0.8518 0.5100 -0.1199 0.5522 -0.0885 -0.0855 -0.9924 -1.0239 -0.5164 0.8559 -0.0277 -1.6227
2018-11-27 21:19:57,405 tracker_1 0.8506 0.5108 -0.1252 0.5522 -0.0935 -0.0874 -0.9918 -1.0231 -0.5175 0.8553 -0.0266 -1.6251
2018-11-27 21:19:57,439 tracker_1 0.8505 0.5106 -0.1265 0.5501 -0.0932 -0.0903 -0.9915 -1.0219 -0.5177 0.8551 -0.0292 -1.6265
2018-11-27 21:19:57,475 tracker_1 0.8514 0.5101 -0.1224 0.5459 -0.0864 -0.0938 -0.9918 -1.0213 -0.5174 0.8550 -0.0357 -1.6271
2018-11-27 21:19:57,510 tracker_1 0.8515 0.5096 -0.1232 0.5433 -0.0866 -0.0950 -0.9917 -1.0206 -0.5171 0.8551 -0.0367 -1.6296
2018-11-27 21:19:57,545 tracker_1 0.8524 0.5076 -0.1253 0.5405 -0.0901 -0.0936 -0.9915 -1.0216 -0.5151 0.8565 -0.0341 -1.6336
2018-11-27 21:19:57,581 tracker_1 0.8542 0.5047 -0.1252 0.5356 -0.0906 -0.0927 -0.9916 -1.0228 -0.5120 0.8583 -0.0334 -1.6376
2018-11-27 21:19:57,615 tracker_1 0.8570 0.5023 -0.1154 0.5274 -0.0840 -0.0848 -0.9929 -1.0239 -0.5085 0.8605 -0.0304 -1.6436
2018-11-27 21:19:57,651 tracker_1 0.8593 0.5008 -0.1037 0.5187 -0.0777 -0.0725 -0.9943 -1.0257 -0.5055 0.8625 -0.0234 -1.6508
2018-11-27 21:19:57,685 tracker_1 0.8611 0.4988 -0.0987 0.5136 -0.0734 -0.0703 -0.9948 -1.0273 -0.5031 0.8639 -0.0239 -1.6557
2018-11-27 21:19:57,720 tracker_1 0.8618 0.4967 -0.1030 0.5110 -0.0765 -0.0733 -0.9944 -1.0291 -0.5015 0.8648 -0.0251 -1.6605
2018-11-27 21:19:57,755 tracker_1 0.8622 0.4958 -0.1034 0.5080 -0.0806 -0.0673 -0.9945 -1.0303 -0.5001 0.8658 -0.0181 -1.6670
2018-11-27 21:19:57,790 tracker_1 0.8618 0.4974 -0.0993 0.5044 -0.0803 -0.0594 -0.9950 -1.0313 -0.5008 0.8655 -0.0112 -1.6709
2018-11-27 21:19:57,824 tracker_1 0.8606 0.4995 -0.0991 0.5010 -0.0794 -0.0606 -0.9950 -1.0321 -0.5030 0.8642 -0.0125 -1.6709
2018-11-27 21:19:57,859 tracker_1 0.8592 0.5022 -0.0976 0.4968 -0.0734 -0.0677 -0.9950 -1.0322 -0.5063 0.8621 -0.0213 -1.6691
2018-11-27 21:19:57,898 tracker_1 0.8570 0.5069 -0.0925 0.4914 -0.0707 -0.0622 -0.9956 -1.0335 -0.5104 0.8598 -0.0174 -1.6719
2018-11-27 21:19:57,934 tracker_1 0.8551 0.5112 -0.0867 0.4867 -0.0695 -0.0525 -0.9962 -1.0344 -0.5138 0.8578 -0.0094 -1.6764
2018-11-27 21:19:57,970 tracker_1 0.8542 0.5127 -0.0864 0.4835 -0.0677 -0.0550 -0.9962 -1.0357 -0.5155 0.8568 -0.0122 -1.6774
2018-11-27 21:19:58,005 tracker_1 0.8542 0.5124 -0.0877 0.4804 -0.0676 -0.0578 -0.9960 -1.0364 -0.5155 0.8568 -0.0147 -1.6807
2018-11-27 21:19:58,039 tracker_1 0.8542 0.5129 -0.0860 0.4747 -0.0713 -0.0482 -0.9963 -1.0364 -0.5151 0.8571 -0.0046 -1.6871
2018-11-27 21:19:58,074 tracker_1 0.8561 0.5112 -0.0759 0.4681 -0.0678 -0.0344 -0.9971 -1.0386 -0.5123 0.8588 0.0052 -1.6956
2018-11-27 21:19:58,109 tracker_1 0.8585 0.5078 -0.0714 0.4639 -0.0628 -0.0341 -0.9974 -1.0398 -0.5090 0.8608 0.0026 -1.6986
2018-11-27 21:19:58,167 tracker_1 0.8610 0.5037 -0.0705 0.4596 -0.0632 -0.0315 -0.9975 -1.0430 -0.5047 0.8633 0.0047 -1.7070
2018-11-27 21:19:58,180 tracker_1 0.8613 0.5032 -0.0698 0.4585 -0.0653 -0.0267 -0.9975 -1.0436 -0.5039 0.8637 0.0098 -1.7102
2018-11-27 21:19:58,214 tracker_1 0.8621 0.5022 -0.0684 0.4562 -0.0673 -0.0204 -0.9975 -1.0450 -0.5023 0.8645 0.0162 -1.7152
2018-11-27 21:19:58,250 tracker_1 0.8627 0.5012 -0.0678 0.4538 -0.0655 -0.0223 -0.9976 -1.0467 -0.5015 0.8651 0.0136 -1.7167
2018-11-27 21:19:58,284 tracker_1 0.8632 0.5007 -0.0642 0.4506 -0.0616 -0.0218 -0.9979 -1.0477 -0.5010 0.8654 0.0120 -1.7185
2018-11-27 21:19:58,319 tracker_1 0.8634 0.5010 -0.0592 0.4473 -0.0600 -0.0146 -0.9981 -1.0487 -0.5009 0.8653 0.0175 -1.7222
2018-11-27 21:19:58,354 tracker_1 0.8632 0.5015 -0.0574 0.4451 -0.0604 -0.0103 -0.9981 -1.0497 -0.5012 0.8651 0.0214 -1.7252
2018-11-27 21:19:58,401 tracker_1 0.8635 0.5014 -0.0549 0.4415 -0.0578 -0.0098 -0.9983 -1.0516 -0.5010 0.8652 0.0205 -1.7274
2018-11-27 21:19:58,439 tracker_1 0.8638 0.5013 -0.0505 0.4381 -0.0570 -0.0023 -0.9984 -1.0525 -0.5006 0.8653 0.0266 -1.7313
2018-11-27 21:19:58,473 tracker_1 0.8643 0.5007 -0.0467 0.4361 -0.0547 0.0012 -0.9985 -1.0533 -0.4999 0.8656 0.0284 -1.7334
2018-11-27 21:19:58,507 tracker_1 0.8648 0.5000 -0.0462 0.4356 -0.0533 -0.0001 -0.9986 -1.0539 -0.4993 0.8660 0.0265 -1.7335
2018-11-27 21:19:58,543 tracker_1 0.8653 0.4991 -0.0469 0.4360 -0.0538 -0.0006 -0.9985 -1.0538 -0.4984 0.8665 0.0264 -1.7339
2018-11-27 21:19:58,577 tracker_1 0.8656 0.4984 -0.0473 0.4363 -0.0549 0.0007 -0.9985 -1.0544 -0.4976 0.8669 0.0279 -1.7354
2018-11-27 21:19:58,612 tracker_1 0.8659 0.4980 -0.0479 0.4359 -0.0551 -0.0002 -0.9985 -1.0549 -0.4972 0.8672 0.0273 -1.7363
2018-11-27 21:19:58,648 tracker_1 0.8661 0.4977 -0.0475 0.4345 -0.0555 0.0013 -0.9985 -1.0560 -0.4969 0.8674 0.0288 -1.7384
2018-11-27 21:19:58,683 tracker_1 0.8662 0.4978 -0.0438 0.4320 -0.0545 0.0071 -0.9985 -1.0568 -0.4967 0.8673 0.0333 -1.7414
2018-11-27 21:19:58,716 tracker_1 0.8662 0.4982 -0.0397 0.4293 -0.0519 0.0107 -0.9986 -1.0574 -0.4971 0.8670 0.0351 -1.7429
2018-11-27 21:19:58,751 tracker_1 0.8665 0.4978 -0.0374 0.4280 -0.0490 0.0102 -0.9987 -1.0579 -0.4968 0.8672 0.0332 -1.7430
2018-11-27 21:19:58,786 tracker_1 0.8666 0.4975 -0.0380 0.4280 -0.0497 0.0103 -0.9987 -1.0580 -0.4964 0.8674 0.0337 -1.7435
2018-11-27 21:19:58,821 tracker_1 0.8668 0.4971 -0.0386 0.4281 -0.0507 0.0109 -0.9987 -1.0579 -0.4960 0.8676 0.0346 -1.7440
2018-11-27 21:19:58,856 tracker_1 0.8671 0.4967 -0.0379 0.4279 -0.0498 0.0107 -0.9987 -1.0579 -0.4956 0.8679 0.0340 -1.7436
2018-11-27 21:19:58,890 tracker_1 0.8672 0.4964 -0.0380 0.4282 -0.0494 0.0098 -0.9987 -1.0574 -0.4954 0.8680 0.0331 -1.7428
2018-11-27 21:19:58,933 tracker_1 0.8672 0.4964 -0.0405 0.4294 -0.0507 0.0071 -0.9987 -1.0572 -0.4954 0.8681 0.0313 -1.7414
2018-11-27 21:19:58,967 tracker_1 0.8673 0.4961 -0.0413 0.4299 -0.0510 0.0060 -0.9987 -1.0569 -0.4952 0.8682 0.0305 -1.7409
2018-11-27 21:19:59,001 tracker_1 0.8675 0.4958 -0.0401 0.4295 -0.0503 0.0073 -0.9987 -1.0569 -0.4949 0.8684 0.0313 -1.7411
2018-11-27 21:19:59,036 tracker_1 0.8677 0.4955 -0.0393 0.4294 -0.0494 0.0073 -0.9988 -1.0568 -0.4946 0.8686 0.0308 -1.7408
2018-11-27 21:19:59,071 tracker_1 0.8678 0.4953 -0.0407 0.4296 -0.0499 0.0055 -0.9987 -1.0569 -0.4945 0.8687 0.0295 -1.7406
2018-11-27 21:19:59,105 tracker_1 0.8677 0.4953 -0.0415 0.4294 -0.0515 0.0065 -0.9987 -1.0570 -0.4943 0.8687 0.0312 -1.7418
2018-11-27 21:19:59,140 tracker_1 0.8679 0.4952 -0.0402 0.4284 -0.0520 0.0100 -0.9986 -1.0579 -0.4941 0.8687 0.0344 -1.7442
2018-11-27 21:19:59,179 tracker_1 0.8682 0.4948 -0.0375 0.4271 -0.0497 0.0114 -0.9987 -1.0579 -0.4938 0.8689 0.0345 -1.7443
2018-11-27 21:19:59,213 tracker_1 0.8670 0.4965 -0.0423 0.4272 -0.0527 0.0069 -0.9986 -1.0554 -0.4955 0.8680 0.0321 -1.7407
2018-11-27 21:19:59,248 tracker_1 0.8671 0.4962 -0.0439 0.4283 -0.0540 0.0060 -0.9985 -1.0569 -0.4952 0.8682 0.0320 -1.7414
2018-11-27 21:19:59,284 tracker_1 0.8672 0.4960 -0.0446 0.4289 -0.0553 0.0068 -0.9984 -1.0577 -0.4950 0.8683 0.0333 -1.7425
2018-11-27 21:19:59,318 tracker_1 0.8673 0.4958 -0.0440 0.4287 -0.0548 0.0072 -0.9985 -1.0579 -0.4948 0.8684 0.0334 -1.7431
2018-11-27 21:19:59,353 tracker_1 0.8676 0.4955 -0.0430 0.4281 -0.0536 0.0072 -0.9985 -1.0579 -0.4944 0.8686 0.0328 -1.7438
2018-11-27 21:19:59,388 tracker_1 0.8677 0.4953 -0.0426 0.4276 -0.0541 0.0089 -0.9985 -1.0582 -0.4942 0.8687 0.0345 -1.7452
2018-11-27 21:19:59,430 tracker_1 0.8681 0.4946 -0.0408 0.4264 -0.0531 0.0109 -0.9985 -1.0585 -0.4935 0.8690 0.0357 -1.7465
2018-11-27 21:19:59,463 tracker_1 0.8685 0.4941 -0.0401 0.4258 -0.0520 0.0104 -0.9986 -1.0588 -0.4929 0.8694 0.0347 -1.7467
2018-11-27 21:19:59,498 tracker_1 0.8687 0.4937 -0.0401 0.4258 -0.0521 0.0105 -0.9986 -1.0587 -0.4926 0.8696 0.0348 -1.7467
2018-11-27 21:19:59,533 tracker_1 0.8686 0.4938 -0.0411 0.4261 -0.0534 0.0108 -0.9985 -1.0585 -0.4927 0.8695 0.0357 -1.7468
2018-11-27 21:19:59,569 tracker_1 0.8686 0.4938 -0.0412 0.4264 -0.0526 0.0092 -0.9986 -1.0580 -0.4928 0.8695 0.0339 -1.7455
2018-11-27 21:19:59,603 tracker_1 0.8686 0.4938 -0.0421 0.4268 -0.0529 0.0078 -0.9986 -1.0578 -0.4927 0.8696 0.0329 -1.7447
2018-11-27 21:19:59,638 tracker_1 0.8685 0.4939 -0.0423 0.4268 -0.0534 0.0083 -0.9985 -1.0578 -0.4928 0.8695 0.0335 -1.7449
2018-11-27 21:19:59,674 tracker_1 0.8686 0.4938 -0.0409 0.4263 -0.0525 0.0096 -0.9986 -1.0579 -0.4927 0.8695 0.0343 -1.7452
2018-11-27 21:19:59,707 tracker_1 0.8687 0.4936 -0.0403 0.4260 -0.0517 0.0095 -0.9986 -1.0579 -0.4926 0.8696 0.0337 -1.7451
2018-11-27 21:19:59,742 tracker_1 0.8689 0.4933 -0.0410 0.4263 -0.0518 0.0083 -0.9986 -1.0580 -0.4923 0.8698 0.0328 -1.7451
2018-11-27 21:19:59,777 tracker_1 0.8690 0.4930 -0.0414 0.4260 -0.0527 0.0090 -0.9986 -1.0582 -0.4919 0.8700 0.0338 -1.7460
2018-11-27 21:19:59,813 tracker_1 0.8693 0.4928 -0.0394 0.4249 -0.0519 0.0117 -0.9986 -1.0584 -0.4916 0.8701 0.0358 -1.7472
2018-11-27 21:19:59,848 tracker_1 0.8695 0.4925 -0.0378 0.4241 -0.0506 0.0128 -0.9986 -1.0586 -0.4913 0.8702 0.0361 -1.7477
2018-11-27 21:19:59,882 tracker_1 0.8696 0.4923 -0.0378 0.4240 -0.0501 0.0120 -0.9987 -1.0587 -0.4912 0.8703 0.0351 -1.7476
2018-11-27 21:19:59,917 tracker_1 0.8696 0.4923 -0.0385 0.4245 -0.0512 0.0124 -0.9986 -1.0587 -0.4911 0.8703 0.0360 -1.7480
2018-11-27 21:19:59,953 tracker_1 0.8697 0.4921 -0.0389 0.4243 -0.0517 0.0125 -0.9986 -1.0584 -0.4909 0.8705 0.0363 -1.7477
2018-11-27 21:19:59,990 tracker_1 0.8698 0.4919 -0.0385 0.4238 -0.0509 0.0118 -0.9986 -1.0587 -0.4908 0.8706 0.0353 -1.7478
2018-11-27 21:20:00,023 tracker_1 0.8699 0.4918 -0.0373 0.4232 -0.0505 0.0136 -0.9986 -1.0586 -0.4906 0.8706 0.0367 -1.7488
2018-11-27 21:20:00,057 tracker_1 0.8700 0.4916 -0.0368 0.4226 -0.0508 0.0151 -0.9986 -1.0588 -0.4904 0.8707 0.0381 -1.7495
2018-11-27 21:20:00,093 tracker_1 0.8701 0.4914 -0.0372 0.4226 -0.0508 0.0143 -0.9986 -1.0592 -0.4902 0.8708 0.0374 -1.7499
2018-11-27 21:20:00,127 tracker_1 0.8703 0.4911 -0.0374 0.4224 -0.0510 0.0143 -0.9986 -1.0590 -0.4899 0.8710 0.0375 -1.7499
2018-11-27 21:20:00,162 tracker_1 0.8703 0.4912 -0.0370 0.4218 -0.0510 0.0152 -0.9986 -1.0589 -0.4899 0.8709 0.0383 -1.7502
2018-11-27 21:20:00,197 tracker_1 0.8701 0.4915 -0.0368 0.4215 -0.0506 0.0148 -0.9986 -1.0588 -0.4903 0.8708 0.0378 -1.7502
2018-11-27 21:20:00,232 tracker_1 0.8700 0.4918 -0.0363 0.4209 -0.0501 0.0150 -0.9986 -1.0590 -0.4906 0.8706 0.0377 -1.7508
2018-11-27 21:20:00,268 tracker_1 0.8697 0.4923 -0.0361 0.4205 -0.0504 0.0159 -0.9986 -1.0591 -0.4910 0.8703 0.0386 -1.7514
2018-11-27 21:20:00,303 tracker_1 0.8698 0.4921 -0.0350 0.4198 -0.0492 0.0159 -0.9987 -1.0591 -0.4909 0.8704 0.0381 -1.7513
2018-11-27 21:20:00,337 tracker_1 0.8693 0.4929 -0.0368 0.4207 -0.0506 0.0148 -0.9986 -1.0594 -0.4917 0.8699 0.0378 -1.7516
2018-11-27 21:20:00,376 tracker_1 0.8692 0.4930 -0.0368 0.4200 -0.0507 0.0148 -0.9986 -1.0594 -0.4918 0.8699 0.0379 -1.7518
2018-11-27 21:20:00,409 tracker_1 0.8694 0.4928 -0.0363 0.4196 -0.0502 0.0150 -0.9986 -1.0596 -0.4916 0.8700 0.0378 -1.7521
2018-11-27 21:20:00,444 tracker_1 0.8694 0.4928 -0.0358 0.4192 -0.0496 0.0150 -0.9987 -1.0596 -0.4916 0.8700 0.0375 -1.7521
2018-11-27 21:20:00,480 tracker_1 0.8694 0.4928 -0.0360 0.4192 -0.0497 0.0148 -0.9987 -1.0594 -0.4916 0.8700 0.0374 -1.7520
2018-11-27 21:20:00,514 tracker_1 0.8695 0.4925 -0.0363 0.4194 -0.0500 0.0147 -0.9986 -1.0595 -0.4913 0.8702 0.0374 -1.7520
2018-11-27 21:20:00,548 tracker_1 0.8696 0.4924 -0.0360 0.4194 -0.0496 0.0146 -0.9987 -1.0594 -0.4912 0.8702 0.0371 -1.7521
2018-11-27 21:20:00,583 tracker_1 0.8695 0.4926 -0.0359 0.4194 -0.0497 0.0150 -0.9986 -1.0595 -0.4914 0.8701 0.0375 -1.7520
2018-11-27 21:20:00,618 tracker_1 0.8694 0.4928 -0.0357 0.4194 -0.0496 0.0151 -0.9987 -1.0597 -0.4916 0.8700 0.0376 -1.7520
2018-11-27 21:20:00,653 tracker_1 0.8693 0.4929 -0.0363 0.4196 -0.0499 0.0144 -0.9987 -1.0595 -0.4918 0.8699 0.0371 -1.7516
2018-11-27 21:20:00,688 tracker_1 0.8691 0.4933 -0.0372 0.4196 -0.0507 0.0140 -0.9986 -1.0594 -0.4921 0.8698 0.0372 -1.7517
2018-11-27 21:20:00,723 tracker_1 0.8693 0.4930 -0.0359 0.4190 -0.0498 0.0151 -0.9986 -1.0586 -0.4917 0.8699 0.0377 -1.7525
2018-11-27 21:20:00,757 tracker_1 0.8696 0.4925 -0.0345 0.4184 -0.0490 0.0164 -0.9987 -1.0577 -0.4913 0.8702 0.0384 -1.7538
2018-11-27 21:20:00,792 tracker_1 0.8699 0.4920 -0.0350 0.4181 -0.0490 0.0155 -0.9987 -1.0566 -0.4908 0.8704 0.0376 -1.7545
2018-11-27 21:20:00,827 tracker_1 0.8707 0.4904 -0.0371 0.4190 -0.0490 0.0114 -0.9987 -1.0557 -0.4894 0.8714 0.0339 -1.7550
2018-11-27 21:20:00,862 tracker_1 0.8721 0.4875 -0.0432 0.4212 -0.0514 0.0034 -0.9987 -1.0541 -0.4867 0.8731 0.0280 -1.7553
2018-11-27 21:20:00,898 tracker_1 0.8735 0.4840 -0.0519 0.4241 -0.0549 -0.0081 -0.9985 -1.0512 -0.4837 0.8750 0.0195 -1.7551
2018-11-27 21:20:00,932 tracker_1 0.8723 0.4838 -0.0713 0.4248 -0.0680 -0.0242 -0.9974 -1.0413 -0.4842 0.8749 0.0118 -1.7466
2018-11-27 21:20:00,967 tracker_1 0.8745 0.4788 -0.0782 0.4273 -0.0735 -0.0286 -0.9969 -1.0434 -0.4795 0.8775 0.0102 -1.7538
2018-11-27 21:20:01,001 tracker_1 0.8771 0.4736 -0.0806 0.4270 -0.0738 -0.0330 -0.9967 -1.0417 -0.4747 0.8801 0.0060 -1.7565
2018-11-27 21:20:01,036 tracker_1 0.8798 0.4681 -0.0823 0.4258 -0.0752 -0.0338 -0.9966 -1.0428 -0.4693 0.8830 0.0054 -1.7641
2018-11-27 21:20:01,071 tracker_1 0.8828 0.4624 -0.0827 0.4228 -0.0769 -0.0314 -0.9965 -1.0425 -0.4634 0.8861 0.0078 -1.7702
2018-11-27 21:20:01,107 tracker_1 0.8859 0.4571 -0.0792 0.4191 -0.0736 -0.0301 -0.9968 -1.0419 -0.4581 0.8889 0.0069 -1.7755
2018-11-27 21:20:01,143 tracker_1 0.8885 0.4521 -0.0789 0.4147 -0.0737 -0.0291 -0.9969 -1.0429 -0.4530 0.8915 0.0074 -1.7804
2018-11-27 21:20:01,177 tracker_1 0.8906 0.4483 -0.0765 0.4095 -0.0725 -0.0260 -0.9970 -1.0424 -0.4489 0.8935 0.0094 -1.7841
2018-11-27 21:20:01,214 tracker_1 0.8924 0.4452 -0.0741 0.4053 -0.0699 -0.0258 -0.9972 -1.0416 -0.4459 0.8951 0.0081 -1.7863
2018-11-27 21:20:01,245 tracker_1 0.8927 0.4436 -0.0799 0.4048 -0.0721 -0.0345 -0.9968 -1.0402 -0.4449 0.8956 0.0012 -1.7848
2018-11-27 21:20:01,282 tracker_1 0.8917 0.4434 -0.0905 0.4035 -0.0743 -0.0537 -0.9958 -1.0385 -0.4464 0.8947 -0.0150 -1.7816
2018-11-27 21:20:01,315 tracker_1 0.8896 0.4460 -0.0980 0.4004 -0.0789 -0.0611 -0.9950 -1.0371 -0.4498 0.8929 -0.0192 -1.7839
2018-11-27 21:20:01,351 tracker_1 0.8880 0.4515 -0.0877 0.3896 -0.0724 -0.0511 -0.9961 -1.0362 -0.4542 0.8908 -0.0127 -1.7906
2018-11-27 21:20:01,385 tracker_1 0.8860 0.4582 -0.0716 0.3777 -0.0598 -0.0401 -0.9974 -1.0362 -0.4598 0.8880 -0.0082 -1.7958
2018-11-27 21:20:01,420 tracker_1 0.8835 0.4649 -0.0582 0.3680 -0.0478 -0.0340 -0.9983 -1.0386 -0.4661 0.8847 -0.0078 -1.7991
2018-11-27 21:20:01,457 tracker_1 0.8806 0.4702 -0.0584 0.3643 -0.0492 -0.0318 -0.9983 -1.0410 -0.4713 0.8820 -0.0049 -1.8028
2018-11-27 21:20:01,491 tracker_1 0.8779 0.4736 -0.0708 0.3652 -0.0597 -0.0385 -0.9975 -1.0425 -0.4751 0.8799 -0.0055 -1.8058
2018-11-27 21:20:01,525 tracker_1 0.8764 0.4753 -0.0777 0.3646 -0.0655 -0.0422 -0.9970 -1.0425 -0.4771 0.8788 -0.0059 -1.8084
2018-11-27 21:20:01,560 tracker_1 0.8767 0.4764 -0.0666 0.3589 -0.0580 -0.0328 -0.9978 -1.0425 -0.4775 0.8786 -0.0011 -1.8116
2018-11-27 21:20:01,594 tracker_1 0.8774 0.4765 -0.0565 0.3557 -0.0482 -0.0295 -0.9984 -1.0413 -0.4774 0.8787 -0.0029 -1.8114
2018-11-27 21:20:01,629 tracker_1 0.8772 0.4750 -0.0704 0.3617 -0.0545 -0.0471 -0.9974 -1.0395 -0.4770 0.8787 -0.0154 -1.8080
2018-11-27 21:20:01,664 tracker_1 0.8763 0.4721 -0.0964 0.3703 -0.0726 -0.0684 -0.9950 -1.0365 -0.4763 0.8789 -0.0257 -1.8067
2018-11-27 21:20:01,700 tracker_1 0.8764 0.4708 -0.1013 0.3691 -0.0745 -0.0752 -0.9944 -1.0339 -0.4757 0.8790 -0.0308 -1.8092
2018-11-27 21:20:01,734 tracker_1 0.8775 0.4705 -0.0926 0.3622 -0.0676 -0.0697 -0.9953 -1.0317 -0.4747 0.8796 -0.0294 -1.8148
2018-11-27 21:20:01,771 tracker_1 0.8778 0.4696 -0.0943 0.3576 -0.0672 -0.0741 -0.9950 -1.0302 -0.4742 0.8798 -0.0335 -1.8196
2018-11-27 21:20:01,804 tracker_1 0.8774 0.4688 -0.1024 0.3549 -0.0725 -0.0814 -0.9940 -1.0300 -0.4743 0.8796 -0.0374 -1.8239
2018-11-27 21:20:01,839 tracker_1 0.8773 0.4687 -0.1035 0.3481 -0.0751 -0.0789 -0.9941 -1.0312 -0.4741 0.8798 -0.0340 -1.8308
2018-11-27 21:20:01,874 tracker_1 0.8786 0.4693 -0.0889 0.3357 -0.0641 -0.0686 -0.9956 -1.0329 -0.4733 0.8804 -0.0301 -1.8378
2018-11-27 21:20:01,910 tracker_1 0.8798 0.4688 -0.0787 0.3248 -0.0559 -0.0625 -0.9965 -1.0337 -0.4721 0.8811 -0.0288 -1.8447
2018-11-27 21:20:01,944 tracker_1 0.8798 0.4690 -0.0770 0.3193 -0.0555 -0.0596 -0.9967 -1.0344 -0.4720 0.8812 -0.0264 -1.8511
2018-11-27 21:20:01,978 tracker_1 0.8791 0.4689 -0.0853 0.3182 -0.0636 -0.0621 -0.9960 -1.0360 -0.4724 0.8810 -0.0248 -1.8582
2018-11-27 21:20:02,017 tracker_1 0.8786 0.4692 -0.0890 0.3161 -0.0681 -0.0614 -0.9958 -1.0389 -0.4727 0.8810 -0.0220 -1.8636
2018-11-27 21:20:02,049 tracker_1 0.8796 0.4690 -0.0794 0.3086 -0.0626 -0.0514 -0.9967 -1.0411 -0.4716 0.8817 -0.0159 -1.8701
2018-11-27 21:20:02,083 tracker_1 0.8808 0.4690 -0.0657 0.3006 -0.0524 -0.0413 -0.9978 -1.0418 -0.4706 0.8822 -0.0118 -1.8752
2018-11-27 21:20:02,118 tracker_1 0.8814 0.4682 -0.0634 0.2962 -0.0523 -0.0366 -0.9980 -1.0432 -0.4696 0.8829 -0.0078 -1.8819
2018-11-27 21:20:02,153 tracker_1 0.8816 0.4674 -0.0656 0.2937 -0.0575 -0.0315 -0.9978 -1.0449 -0.4685 0.8835 -0.0008 -1.8893
2018-11-27 21:20:02,188 tracker_1 0.8823 0.4662 -0.0649 0.2905 -0.0598 -0.0257 -0.9979 -1.0470 -0.4669 0.8843 0.0053 -1.8957
2018-11-27 21:20:02,225 tracker_1 0.8836 0.4646 -0.0587 0.2859 -0.0556 -0.0203 -0.9982 -1.0481 -0.4650 0.8853 0.0079 -1.8999
2018-11-27 21:20:02,269 tracker_1 0.8844 0.4637 -0.0526 0.2813 -0.0502 -0.0176 -0.9986 -1.0502 -0.4640 0.8858 0.0077 -1.9028
2018-11-27 21:20:02,303 tracker_1 0.8841 0.4643 -0.0520 0.2796 -0.0511 -0.0145 -0.9986 -1.0517 -0.4644 0.8855 0.0109 -1.9066
2018-11-27 21:20:02,338 tracker_1 0.8839 0.4649 -0.0504 0.2767 -0.0522 -0.0091 -0.9986 -1.0526 -0.4647 0.8853 0.0162 -1.9109
2018-11-27 21:20:02,373 tracker_1 0.8840 0.4649 -0.0487 0.2745 -0.0512 -0.0072 -0.9987 -1.0537 -0.4646 0.8853 0.0174 -1.9132
2018-11-27 21:20:02,407 tracker_1 0.8842 0.4649 -0.0459 0.2718 -0.0483 -0.0068 -0.9988 -1.0546 -0.4646 0.8853 0.0165 -1.9144
2018-11-27 21:20:02,443 tracker_1 0.8838 0.4656 -0.0459 0.2704 -0.0499 -0.0038 -0.9987 -1.0557 -0.4652 0.8850 0.0199 -1.9172
2018-11-27 21:20:02,478 tracker_1 0.8838 0.4659 -0.0437 0.2679 -0.0499 0.0009 -0.9988 -1.0566 -0.4653 0.8848 0.0240 -1.9201
2018-11-27 21:20:02,512 tracker_1 0.8838 0.4662 -0.0410 0.2656 -0.0476 0.0022 -0.9989 -1.0576 -0.4655 0.8847 0.0242 -1.9213
2018-11-27 21:20:02,547 tracker_1 0.8831 0.4674 -0.0407 0.2652 -0.0477 0.0031 -0.9989 -1.0580 -0.4667 0.8840 0.0251 -1.9218
2018-11-27 21:20:02,582 tracker_1 0.8826 0.4685 -0.0392 0.2640 -0.0472 0.0052 -0.9989 -1.0583 -0.4678 0.8834 0.0267 -1.9226
2018-11-27 21:20:02,617 tracker_1 0.8817 0.4701 -0.0405 0.2640 -0.0479 0.0038 -0.9988 -1.0581 -0.4694 0.8826 0.0259 -1.9217
2018-11-27 21:20:02,653 tracker_1 0.8809 0.4715 -0.0418 0.2640 -0.0482 0.0016 -0.9988 -1.0583 -0.4709 0.8819 0.0241 -1.9201
2018-11-27 21:20:02,687 tracker_1 0.8802 0.4728 -0.0418 0.2634 -0.0484 0.0018 -0.9988 -1.0585 -0.4722 0.8812 0.0245 -1.9200
2018-11-27 21:20:02,721 tracker_1 0.8797 0.4739 -0.0397 0.2622 -0.0476 0.0046 -0.9989 -1.0588 -0.4732 0.8806 0.0266 -1.9205
2018-11-27 21:20:02,757 tracker_1 0.8791 0.4752 -0.0378 0.2612 -0.0464 0.0065 -0.9989 -1.0592 -0.4744 0.8799 0.0277 -1.9207
2018-11-27 21:20:02,791 tracker_1 0.8784 0.4764 -0.0374 0.2609 -0.0459 0.0061 -0.9989 -1.0593 -0.4756 0.8792 0.0272 -1.9199
2018-11-27 21:20:02,826 tracker_1 0.8776 0.4780 -0.0376 0.2611 -0.0456 0.0053 -0.9989 -1.0593 -0.4773 0.8783 0.0265 -1.9184
2018-11-27 21:20:02,862 tracker_1 0.8770 0.4791 -0.0376 0.2615 -0.0457 0.0052 -0.9989 -1.0591 -0.4784 0.8778 0.0264 -1.9176
2018-11-27 21:20:02,896 tracker_1 0.8765 0.4799 -0.0380 0.2619 -0.0454 0.0037 -0.9990 -1.0590 -0.4793 0.8773 0.0250 -1.9160
2018-11-27 21:20:02,932 tracker_1 0.8761 0.4806 -0.0379 0.2621 -0.0447 0.0027 -0.9990 -1.0589 -0.4800 0.8769 0.0239 -1.9148
2018-11-27 21:20:02,966 tracker_1 0.8765 0.4801 -0.0360 0.2620 -0.0439 0.0052 -0.9990 -1.0596 -0.4794 0.8772 0.0256 -1.9154
2018-11-27 21:20:03,001 tracker_1 0.8769 0.4795 -0.0349 0.2626 -0.0441 0.0078 -0.9990 -1.0592 -0.4787 0.8775 0.0280 -1.9156
2018-11-27 21:20:03,036 tracker_1 0.8768 0.4794 -0.0384 0.2645 -0.0459 0.0038 -0.9989 -1.0594 -0.4787 0.8776 0.0253 -1.9141
2018-11-27 21:20:03,072 tracker_1 0.8768 0.4791 -0.0398 0.2652 -0.0464 0.0020 -0.9989 -1.0594 -0.4785 0.8777 0.0240 -1.9135
2018-11-27 21:20:03,106 tracker_1 0.8767 0.4795 -0.0392 0.2649 -0.0477 0.0055 -0.9988 -1.0593 -0.4787 0.8776 0.0277 -1.9146
2018-11-27 21:20:03,141 tracker_1 0.8770 0.4791 -0.0371 0.2643 -0.0453 0.0057 -0.9990 -1.0591 -0.4784 0.8777 0.0267 -1.9139
2018-11-27 21:20:03,176 tracker_1 0.8772 0.4788 -0.0353 0.2642 -0.0419 0.0032 -0.9991 -1.0591 -0.4782 0.8779 0.0229 -1.9126
2018-11-27 21:20:03,212 tracker_1 0.8770 0.4791 -0.0366 0.2655 -0.0438 0.0040 -0.9990 -1.0589 -0.4784 0.8778 0.0245 -1.9132
2018-11-27 21:20:03,245 tracker_1 0.8769 0.4791 -0.0393 0.2666 -0.0472 0.0044 -0.9989 -1.0591 -0.4784 0.8777 0.0265 -1.9141
2018-11-27 21:20:03,280 tracker_1 0.8768 0.4791 -0.0409 0.2672 -0.0480 0.0026 -0.9988 -1.0591 -0.4785 0.8777 0.0253 -1.9138
2018-11-27 21:20:03,318 tracker_1 0.8767 0.4795 -0.0392 0.2666 -0.0467 0.0037 -0.9989 -1.0590 -0.4788 0.8776 0.0256 -1.9140
2018-11-27 21:20:03,351 tracker_1 0.8769 0.4792 -0.0382 0.2662 -0.0462 0.0049 -0.9989 -1.0594 -0.4785 0.8777 0.0264 -1.9150
2018-11-27 21:20:03,387 tracker_1 0.8772 0.4787 -0.0376 0.2659 -0.0462 0.0062 -0.9989 -1.0597 -0.4779 0.8780 0.0276 -1.9161
2018-11-27 21:20:03,419 tracker_1 0.8773 0.4786 -0.0373 0.2657 -0.0461 0.0066 -0.9989 -1.0595 -0.4778 0.8780 0.0278 -1.9162
2018-11-27 21:20:03,455 tracker_1 0.8771 0.4788 -0.0374 0.2659 -0.0457 0.0058 -0.9989 -1.0594 -0.4781 0.8779 0.0270 -1.9157
2018-11-27 21:20:03,488 tracker_1 0.8765 0.4797 -0.0401 0.2670 -0.0480 0.0041 -0.9988 -1.0586 -0.4790 0.8774 0.0266 -1.9144
2018-11-27 21:20:03,523 tracker_1 0.8766 0.4795 -0.0408 0.2680 -0.0480 0.0027 -0.9988 -1.0588 -0.4789 0.8775 0.0254 -1.9139
2018-11-27 21:20:03,559 tracker_1 0.8769 0.4789 -0.0411 0.2682 -0.0473 0.0009 -0.9989 -1.0588 -0.4783 0.8779 0.0235 -1.9135
2018-11-27 21:20:03,594 tracker_1 0.8774 0.4781 -0.0397 0.2682 -0.0469 0.0030 -0.9989 -1.0586 -0.4774 0.8783 0.0251 -1.9144
2018-11-27 21:20:03,628 tracker_1 0.8776 0.4778 -0.0397 0.2681 -0.0469 0.0032 -0.9989 -1.0587 -0.4771 0.8785 0.0253 -1.9146
2018-11-27 21:20:03,663 tracker_1 0.8776 0.4777 -0.0406 0.2679 -0.0468 0.0010 -0.9989 -1.0591 -0.4771 0.8785 0.0233 -1.9143
2018-11-27 21:20:03,698 tracker_1 0.8779 0.4774 -0.0380 0.2665 -0.0458 0.0047 -0.9989 -1.0592 -0.4767 0.8787 0.0260 -1.9159
2018-11-27 21:20:03,732 tracker_1 0.8783 0.4768 -0.0348 0.2655 -0.0439 0.0080 -0.9990 -1.0594 -0.4760 0.8790 0.0280 -1.9171
2018-11-27 21:20:03,768 tracker_1 0.8786 0.4763 -0.0342 0.2654 -0.0422 0.0062 -0.9991 -1.0595 -0.4757 0.8792 0.0256 -1.9160
2018-11-27 21:20:03,805 tracker_1 0.8785 0.4764 -0.0364 0.2666 -0.0438 0.0043 -0.9990 -1.0590 -0.4757 0.8792 0.0246 -1.9151
2018-11-27 21:20:03,839 tracker_1 0.8787 0.4760 -0.0366 0.2672 -0.0447 0.0056 -0.9990 -1.0593 -0.4753 0.8795 0.0262 -1.9154
2018-11-27 21:20:03,874 tracker_1 0.8792 0.4751 -0.0358 0.2676 -0.0437 0.0055 -0.9990 -1.0586 -0.4745 0.8799 0.0256 -1.9144
2018-11-27 21:20:03,908 tracker_1 0.8796 0.4744 -0.0365 0.2689 -0.0432 0.0031 -0.9991 -1.0587 -0.4738 0.8803 0.0233 -1.9132
2018-11-27 21:20:03,943 tracker_1 0.8793 0.4745 -0.0401 0.2712 -0.0464 0.0015 -0.9989 -1.0584 -0.4740 0.8802 0.0233 -1.9123
2018-11-27 21:20:03,978 tracker_1 0.8793 0.4744 -0.0423 0.2723 -0.0483 0.0005 -0.9988 -1.0583 -0.4738 0.8803 0.0234 -1.9120
2018-11-27 21:20:04,013 tracker_1 0.8795 0.4739 -0.0430 0.2723 -0.0484 -0.0007 -0.9988 -1.0582 -0.4733 0.8806 0.0223 -1.9118
2018-11-27 21:20:04,047 tracker_1 0.8800 0.4732 -0.0412 0.2713 -0.0476 0.0014 -0.9989 -1.0587 -0.4726 0.8810 0.0237 -1.9128
2018-11-27 21:20:04,084 tracker_1 0.8802 0.4729 -0.0392 0.2705 -0.0471 0.0049 -0.9989 -1.0586 -0.4722 0.8811 0.0266 -1.9140
2018-11-27 21:20:04,118 tracker_1 0.8804 0.4727 -0.0388 0.2705 -0.0460 0.0038 -0.9989 -1.0590 -0.4720 0.8812 0.0251 -1.9137
2018-11-27 21:20:04,153 tracker_1 0.8804 0.4726 -0.0397 0.2707 -0.0460 0.0017 -0.9989 -1.0588 -0.4721 0.8813 0.0232 -1.9131
2018-11-27 21:20:04,187 tracker_1 0.8804 0.4726 -0.0395 0.2704 -0.0470 0.0041 -0.9989 -1.0587 -0.4719 0.8812 0.0258 -1.9142
2018-11-27 21:20:04,222 tracker_1 0.8804 0.4726 -0.0383 0.2699 -0.0465 0.0057 -0.9989 -1.0588 -0.4719 0.8812 0.0270 -1.9147
2018-11-27 21:20:04,257 tracker_1 0.8804 0.4727 -0.0382 0.2700 -0.0455 0.0040 -0.9990 -1.0586 -0.4720 0.8812 0.0251 -1.9136
2018-11-27 21:20:04,293 tracker_1 0.8804 0.4726 -0.0395 0.2705 -0.0460 0.0021 -0.9989 -1.0584 -0.4720 0.8813 0.0236 -1.9126
2018-11-27 21:20:04,328 tracker_1 0.8805 0.4723 -0.0403 0.2710 -0.0473 0.0029 -0.9989 -1.0584 -0.4717 0.8814 0.0249 -1.9134
2018-11-27 21:20:04,363 tracker_1 0.8806 0.4723 -0.0392 0.2704 -0.0466 0.0040 -0.9989 -1.0587 -0.4716 0.8815 0.0255 -1.9137
2018-11-27 21:20:04,398 tracker_1 0.8798 0.4733 -0.0429 0.2727 -0.0495 0.0014 -0.9988 -1.0590 -0.4727 0.8809 0.0247 -1.9130
2018-11-27 21:20:04,433 tracker_1 0.8800 0.4731 -0.0425 0.2714 -0.0491 0.0017 -0.9988 -1.0589 -0.4725 0.8810 0.0247 -1.9130
2018-11-27 21:20:04,470 tracker_1 0.8802 0.4727 -0.0423 0.2705 -0.0491 0.0021 -0.9988 -1.0589 -0.4720 0.8812 0.0251 -1.9133
2018-11-27 21:20:04,503 tracker_1 0.8807 0.4718 -0.0414 0.2695 -0.0485 0.0029 -0.9988 -1.0587 -0.4711 0.8817 0.0254 -1.9138
2018-11-27 21:20:04,537 tracker_1 0.8811 0.4712 -0.0414 0.2690 -0.0486 0.0030 -0.9988 -1.0586 -0.4705 0.8820 0.0255 -1.9143
2018-11-27 21:20:04,573 tracker_1 0.8807 0.4717 -0.0441 0.2697 -0.0509 0.0016 -0.9987 -1.0586 -0.4710 0.8818 0.0254 -1.9150
2018-11-27 21:20:04,607 tracker_1 0.8806 0.4718 -0.0440 0.2680 -0.0506 0.0013 -0.9987 -1.0587 -0.4712 0.8817 0.0250 -1.9160
2018-11-27 21:20:04,643 tracker_1 0.8804 0.4722 -0.0430 0.2661 -0.0500 0.0023 -0.9987 -1.0582 -0.4715 0.8815 0.0256 -1.9176
2018-11-27 21:20:04,677 tracker_1 0.8806 0.4722 -0.0400 0.2629 -0.0483 0.0055 -0.9988 -1.0584 -0.4714 0.8815 0.0276 -1.9203
2018-11-27 21:20:04,712 tracker_1 0.8807 0.4720 -0.0396 0.2614 -0.0473 0.0045 -0.9989 -1.0588 -0.4712 0.8816 0.0263 -1.9214
2018-11-27 21:20:04,746 tracker_1 0.8814 0.4706 -0.0407 0.2600 -0.0470 0.0015 -0.9989 -1.0593 -0.4700 0.8823 0.0235 -1.9228
2018-11-27 21:20:04,782 tracker_1 0.8822 0.4690 -0.0411 0.2583 -0.0477 0.0023 -0.9989 -1.0590 -0.4684 0.8832 0.0245 -1.9257
2018-11-27 21:20:04,817 tracker_1 0.8834 0.4670 -0.0398 0.2560 -0.0476 0.0048 -0.9989 -1.0593 -0.4662 0.8843 0.0265 -1.9294
2018-11-27 21:20:04,851 tracker_1 0.8840 0.4657 -0.0393 0.2537 -0.0464 0.0037 -0.9989 -1.0592 -0.4651 0.8849 0.0248 -1.9310
2018-11-27 21:20:04,886 tracker_1 0.8847 0.4646 -0.0391 0.2520 -0.0454 0.0025 -0.9990 -1.0584 -0.4640 0.8855 0.0233 -1.9323
2018-11-27 21:20:04,921 tracker_1 0.8844 0.4648 -0.0412 0.2511 -0.0462 -0.0007 -0.9989 -1.0570 -0.4644 0.8854 0.0209 -1.9329
2018-11-27 21:20:04,956 tracker_1 0.8839 0.4657 -0.0432 0.2502 -0.0458 -0.0057 -0.9989 -1.0562 -0.4655 0.8849 0.0163 -1.9323
2018-11-27 21:20:04,992 tracker_1 0.8835 0.4663 -0.0452 0.2501 -0.0467 -0.0083 -0.9989 -1.0543 -0.4661 0.8846 0.0144 -1.9317
2018-11-27 21:20:05,026 tracker_1 0.8834 0.4660 -0.0501 0.2514 -0.0486 -0.0153 -0.9987 -1.0517 -0.4661 0.8847 0.0091 -1.9301
2018-11-27 21:20:05,061 tracker_1 0.8832 0.4654 -0.0574 0.2535 -0.0499 -0.0285 -0.9983 -1.0483 -0.4663 0.8846 -0.0020 -1.9265
2018-11-27 21:20:05,097 tracker_1 0.8829 0.4651 -0.0651 0.2559 -0.0535 -0.0381 -0.9978 -1.0448 -0.4666 0.8844 -0.0088 -1.9243
2018-11-27 21:20:05,131 tracker_1 0.8826 0.4644 -0.0736 0.2590 -0.0577 -0.0485 -0.9972 -1.0413 -0.4666 0.8843 -0.0160 -1.9237
2018-11-27 21:20:05,165 tracker_1 0.8824 0.4629 -0.0847 0.2615 -0.0617 -0.0647 -0.9960 -1.0387 -0.4665 0.8841 -0.0285 -1.9225
2018-11-27 21:20:05,200 tracker_1 0.8820 0.4618 -0.0939 0.2623 -0.0685 -0.0716 -0.9951 -1.0372 -0.4663 0.8841 -0.0316 -1.9250
2018-11-27 21:20:05,235 tracker_1 0.8828 0.4607 -0.0911 0.2580 -0.0682 -0.0661 -0.9955 -1.0362 -0.4647 0.8851 -0.0269 -1.9308
2018-11-27 21:20:05,270 tracker_1 0.8844 0.4590 -0.0850 0.2533 -0.0645 -0.0602 -0.9961 -1.0359 -0.4623 0.8864 -0.0236 -1.9356
2018-11-27 21:20:05,306 tracker_1 0.8858 0.4562 -0.0850 0.2506 -0.0628 -0.0637 -0.9960 -1.0355 -0.4598 0.8876 -0.0278 -1.9381
2018-11-27 21:20:05,340 tracker_1 0.8865 0.4542 -0.0886 0.2487 -0.0655 -0.0663 -0.9956 -1.0348 -0.4581 0.8884 -0.0290 -1.9423
2018-11-27 21:20:05,374 tracker_1 0.8868 0.4528 -0.0928 0.2470 -0.0700 -0.0670 -0.9953 -1.0339 -0.4569 0.8891 -0.0277 -1.9474
2018-11-27 21:20:05,409 tracker_1 0.8868 0.4516 -0.0985 0.2448 -0.0725 -0.0746 -0.9946 -1.0325 -0.4565 0.8891 -0.0334 -1.9507
2018-11-27 21:20:05,445 tracker_1 0.8871 0.4501 -0.1021 0.2414 -0.0726 -0.0825 -0.9939 -1.0310 -0.4558 0.8892 -0.0405 -1.9539
2018-11-27 21:20:05,479 tracker_1 0.8874 0.4489 -0.1049 0.2374 -0.0739 -0.0861 -0.9935 -1.0294 -0.4550 0.8894 -0.0432 -1.9589
2018-11-27 21:20:05,514 tracker_1 0.8875 0.4479 -0.1087 0.2328 -0.0761 -0.0902 -0.9930 -1.0280 -0.4545 0.8895 -0.0459 -1.9647
2018-11-27 21:20:05,550 tracker_1 0.8877 0.4465 -0.1124 0.2269 -0.0777 -0.0953 -0.9924 -1.0276 -0.4538 0.8897 -0.0498 -1.9715
2018-11-27 21:20:05,585 tracker_1 0.8879 0.4467 -0.1102 0.2175 -0.0764 -0.0931 -0.9927 -1.0287 -0.4537 0.8898 -0.0486 -1.9813
2018-11-27 21:20:05,620 tracker_1 0.8879 0.4490 -0.1006 0.2047 -0.0706 -0.0832 -0.9940 -1.0310 -0.4547 0.8897 -0.0422 -1.9932
2018-11-27 21:20:05,655 tracker_1 0.8864 0.4535 -0.0930 0.1921 -0.0642 -0.0787 -0.9948 -1.0336 -0.4585 0.8878 -0.0407 -2.0043
2018-11-27 21:20:05,689 tracker_1 0.8837 0.4595 -0.0892 0.1796 -0.0612 -0.0755 -0.9953 -1.0350 -0.4641 0.8849 -0.0386 -2.0169
2018-11-27 21:20:05,725 tracker_1 0.8801 0.4677 -0.0823 0.1667 -0.0575 -0.0671 -0.9961 -1.0359 -0.4714 0.8814 -0.0322 -2.0299
2018-11-27 21:20:05,761 tracker_1 0.8767 0.4752 -0.0746 0.1558 -0.0520 -0.0605 -0.9968 -1.0361 -0.4782 0.8778 -0.0284 -2.0385
2018-11-27 21:20:05,803 tracker_1 0.8726 0.4825 -0.0763 0.1483 -0.0494 -0.0683 -0.9964 -1.0383 -0.4860 0.8733 -0.0357 -2.0438
2018-11-27 21:20:05,838 tracker_1 0.8693 0.4879 -0.0788 0.1422 -0.0535 -0.0657 -0.9964 -1.0403 -0.4913 0.8704 -0.0310 -2.0520
2018-11-27 21:20:05,874 tracker_1 0.8673 0.4932 -0.0677 0.1320 -0.0495 -0.0499 -0.9975 -1.0435 -0.4953 0.8685 -0.0189 -2.0624
2018-11-27 21:20:05,908 tracker_1 0.8663 0.4969 -0.0511 0.1225 -0.0372 -0.0378 -0.9986 -1.0453 -0.4981 0.8670 -0.0143 -2.0679
2018-11-27 21:20:05,943 tracker_1 0.8649 0.4998 -0.0474 0.1192 -0.0323 -0.0387 -0.9987 -1.0465 -0.5010 0.8653 -0.0173 -2.0706
2018-11-27 21:20:05,978 tracker_1 0.8633 0.5014 -0.0571 0.1215 -0.0424 -0.0407 -0.9983 -1.0472 -0.5029 0.8642 -0.0139 -2.0747
2018-11-27 21:20:06,012 tracker_1 0.8627 0.5022 -0.0601 0.1219 -0.0472 -0.0384 -0.9981 -1.0478 -0.5036 0.8639 -0.0094 -2.0782
2018-11-27 21:20:06,046 tracker_1 0.8628 0.5029 -0.0528 0.1185 -0.0401 -0.0360 -0.9985 -1.0492 -0.5040 0.8636 -0.0109 -2.0799
2018-11-27 21:20:06,081 tracker_1 0.8625 0.5038 -0.0465 0.1151 -0.0353 -0.0318 -0.9989 -1.0505 -0.5048 0.8632 -0.0097 -2.0827
2018-11-27 21:20:06,116 tracker_1 0.8617 0.5055 -0.0450 0.1129 -0.0376 -0.0249 -0.9990 -1.0522 -0.5061 0.8625 -0.0024 -2.0872
